2658.805439
2724.202654
2776.349713
2824.992835
2872.378081
2914.98495
2953.323294
2988.803373
3021.277221
3050.629092
3077.232061
3103.334234
3127.799845
3148.820739
3167.850913
3185.398264
3201.441279
3216.949693
3231.680353
3245.069083
3257.04289
3268.401299
3279.961328
3290.837444
3301.28964
3310.697642
3319.752121
3328.654437
3337.282104
3345.420126
3353.244509
3360.912716
3368.47836
3375.906467
3382.887662
3389.654791
3396.268961
3402.881272
3409.667757
3416.255066
3422.621385
3428.724992
3435.187613
3441.738372
3448.376126
3455.55259
3462.430998
3469.137426
3475.572613
3482.219267
3489.01605
3495.611609
3502.205196
3509.26692
3516.790861
3523.893809
3530.582176
3537.383281
3546.419957
3555.466806
3563.685974
3571.978038
3580.072292
3588.664068
3598.150822
3606.439679
3615.229104
3625.567727
3635.479367
3644.449856
3652.899029
3662.05398
3673.729043
3684.193067
3693.094941
3701.278911
3710.739012
3720.654879
3731.186707
3740.326465
3749.758155
3758.730343
3767.568188
3776.430587
3784.227473
3791.933219
3801.663775
3810.578194
3819.76984
3829.336207
3837.426483
3839.110912
3839.110912
3839.110912
3839.110912
3839.110912
3839.110912
3839.110912
3839.110912
3839.110912
3839.110912
3839.110912
3839.110912
3839.110912
3839.110912
3839.110912
3839.110912
3839.110912
3839.110912
3839.110912
3839.110912
3839.110912
3839.110912
3839.110912
3839.110912
3839.110912
3839.110912
3839.110912
3839.110912
3839.110912
3839.110912
3839.110912
3839.110912
3839.110912
3839.110912
3839.110912
3839.110912
3839.110912
3839.110912
3839.110912
3839.110912
3839.110912
3839.110912
3839.110912
3839.110912
3839.110912
3839.110912
3839.110912