1
1
draft,vol,Mass,lcg,tcg,vcg,FSM
0.001,0.1346753931018518,0.1346753931018518,25.912204516948766,0,0.0005000392973576931,0
0.101,13.958502075638545,13.958502075638545,25.923338939844303,0,0.05094467276494935,0
0.201,28.92407279451902,28.92407279451902,25.740839195303426,0,0.10312819118682648,0
0.30100000000000005,45.0655241518961,45.0655241518961,25.57335467833764,0,0.15627900764253738,0
0.401,62.21061023813854,62.21061023813854,25.448413526253763,0,0.21006412098700508,0
0.501,80.25608906380678,80.25608906380678,25.342959179937317,0,0.26433011760231345,0
0.601,99.18998923793177,99.18998923793177,25.24637210737721,0,0.31912587958017785,0
0.701,118.98754208502642,118.98754208502642,25.15528310345296,0,0.37440314488982035,0
0.8009999999999999,139.59004191065264,139.59004191065264,25.069347161965442,0,0.4300322212790338,0
0.9009999999999999,160.98418577463178,160.98418577463178,24.98487971120281,0,0.48601864590321203,0
1.001,183.16468437887525,183.16468437887525,24.90113154302311,0,0.5423597335255178,0
1.101,206.02570400135082,206.02570400135082,24.824297350086287,0,0.5988254539595065,0
1.201,229.55848047437388,229.55848047437388,24.752336309888282,0,0.6554552843205149,0
1.3010000000000002,253.7114675495107,253.7114675495107,24.68605457310535,0,0.7121694352700473,0
1.4010000000000002,278.4190181068695,278.4190181068695,24.627345237947395,0,0.7688769448850883,0
1.5010000000000003,303.65701253318986,303.65701253318986,24.574918300589204,0,0.8255848580836356,0
1.6010000000000004,329.3920948315027,329.3920948315027,24.528383199041038,0,0.882272923709651,0
1.7010000000000005,355.6015017838969,355.6015017838969,24.486955266447044,0,0.9389428125310596,0
1.8010000000000006,382.29494898241273,382.29494898241273,24.44881010279362,0,0.9956544402245235,0
1.9010000000000007,409.4467058619029,409.4467058619029,24.413964401381875,0,1.0523843316968196,0
2.001000000000001,437.043175002614,437.043175002614,24.382161979392556,0,1.1091345335133787,0
2.101000000000001,465.06436517552646,465.06436517552646,24.353259471543527,0,1.1658914211295814,0
2.201000000000001,493.49005642288114,493.49005642288114,24.326978629147995,0,1.22264178922537,0
2.301000000000001,522.3176464427173,522.3176464427173,24.303003895877758,0,1.2794050213872514,0
2.401000000000001,551.547019151125,551.547019151125,24.28102879389944,0,1.3362005316535646,0
2.5010000000000012,581.1745168911078,581.1745168911078,24.260888521295257,0,1.3930371472393421,0
2.6010000000000013,611.1829552587823,611.1829552587823,24.242609487141177,0,1.4498969965395645,0
2.7010000000000014,641.5683530242335,641.5683530242335,24.225965761850954,0,1.5067874968885338,0
2.8010000000000015,672.3316510487331,672.3316510487331,24.21076308497985,0,1.563722527655452,0
2.9010000000000016,703.4702561318859,703.4702561318859,24.196890576815186,0,1.6207073690781237,0
3.0010000000000017,734.98146560483,734.98146560483,24.184246989663993,0,1.6777458249723523,0
3.1010000000000018,766.8649009430733,766.8649009430733,24.172668674697842,0,1.7348447969337102,0
3.201000000000002,799.1288709325779,799.1288709325779,24.1618639146746,0,1.792024553586248,0
3.301000000000002,831.7740864224688,831.7740864224688,24.151763057633982,0,1.8492897934535972,0
3.401000000000002,864.8056010720933,864.8056010720933,24.142343103243082,0,1.9066517994780354,0
3.501000000000002,898.2124167703197,898.2124167703197,24.133784711283457,0,1.9640934296655017,0
3.601000000000002,931.9884402224916,931.9884402224916,24.126043815939116,0,2.0216075643093445,0
3.7010000000000023,966.1391175428873,966.1391175428873,24.118838603257593,0,2.079205878887664,0
3.8010000000000024,1000.668593781548,1000.668593781548,24.11212771399935,0,2.13689672901806,0
3.9010000000000025,1035.6025399998032,1035.6025399998032,24.10564496218247,0,2.1947218601078813,0
4.001000000000002,1070.9546615052218,1070.9546615052218,24.099200463794944,0,2.252699702995648,0
4.101000000000002,1106.726252710173,1106.726252710173,24.09279407768293,0,2.3108275084003695,0
4.201000000000001,1142.9125470835056,1142.9125470835056,24.08628941644311,0,2.369093047033841,0
4.301000000000001,1179.5261817995572,1179.5261817995572,24.079537550319746,0,2.4275124563932016,0
4.401000000000001,1216.6015546603196,1216.6015546603196,24.0723250641341,0,2.4861330556355545,0
4.501,1254.1504709770581,1254.1504709770581,24.06459264727281,0,2.5449638600576123,0
4.601,1292.2330797504205,1292.2330797504205,24.055834708131933,0,2.604086192386247,0
4.701,1330.8760112510004,1330.8760112510004,24.045738042707104,0,2.6635232235966253,0
4.800999999999999,1370.0610379838668,1370.0610379838668,24.034515958237332,0,2.7232302994517688,0
4.900999999999999,1409.776012719853,1409.776012719853,24.0223716882775,0,2.7831750339592585,0
5.000999999999999,1450.0203814121394,1450.0203814121394,24.009389924422,0,2.843344774516644,0
5.100999999999998,1490.8349284718922,1490.8349284718922,23.99531709728819,0,2.903786941874294,0
5.200999999999998,1532.2245695682293,1532.2245695682293,23.980110634280265,0,2.964493503918646,0
5.3009999999999975,1574.186071855064,1574.186071855064,23.963834239739096,0,3.0254456538129175,0
5.400999999999997,1616.738433714715,1616.738433714715,23.946384955564092,0,3.086657193270622,0
5.500999999999997,1659.9556563479282,1659.9556563479282,23.927082799320985,0,3.148216680765118,0
5.600999999999996,1703.850092759241,1703.850092759241,23.905920154104578,0,3.2101201665843484,0
5.700999999999996,1748.3703004956785,1748.3703004956785,23.883461673250935,0,3.2722772435414855,0
5.800999999999996,1793.5026483068941,1793.5026483068941,23.85983093550003,0,3.334655627311337,0
5.900999999999995,1839.3774615577329,1839.3774615577329,23.834047363321897,0,3.397418127816489,0
6.000999999999995,1886.1151567845839,1886.1151567845839,23.80528653850198,0,3.460699409398224,0
6.100999999999995,1933.6646890038164,1933.6646890038164,23.77413118596004,0,3.524399225610394,0
6.200999999999994,1981.9868789931572,1981.9868789931572,23.740981553762985,0,3.5884408867254307,0
6.300999999999994,2031.0678413535325,2031.0678413535325,23.706038865132836,0,3.652785053152752,0
6.400999999999994,2080.929427802325,2080.929427802325,23.669326273676162,0,3.7174407915871703,0
6.500999999999993,2131.7021513253903,2131.7021513253903,23.629837614386556,0,3.782552020841228,0
6.600999999999993,2183.2766502355385,2183.2766502355385,23.58857601371586,0,3.847952752906894,0
6.7009999999999925,2235.647772723317,2235.647772723317,23.54558223480135,0,3.9136185300865565,0
6.800999999999992,2288.9517744591008,2288.9517744591008,23.499860269332384,0,3.979697698214811,0
6.900999999999992,2343.2416431917272,2343.2416431917272,23.45123418565845,0,4.046225431984773,0
7.0009999999999915,2398.4213144242967,2398.4213144242967,23.400700826295903,0,4.113057580475872,0
7.100999999999991,2454.427613555215,2454.427613555215,23.348751035472265,0,4.18009968800927,0
7.200999999999991,2511.234178371152,2511.234178371152,23.295542514634484,0,4.24730706810826,0
7.30099999999999,2568.961184866433,2568.961184866433,23.240210358891115,0,4.3148060590236526,0
7.40099999999999,2627.645354186408,2627.645354186408,23.18265769418405,0,4.382617383434096,0
7.50099999999999,2687.172178620126,2687.172178620126,23.12390834048016,0,4.450591376519986,0
7.600999999999989,2747.4780621837276,2747.4780621837276,23.064392367774925,0,4.518646188866008,0
7.700999999999989,2808.514771042131,2808.514771042131,23.004306557044817,0,4.586722945252827,0
7.800999999999989,2870.2665110782773,2870.2665110782773,22.94380524807241,0,4.654802180549651,0
7.900999999999988,2932.723932361414,2932.723932361414,22.883007939521995,0,4.722872687460322,0
8.000999999999989,2995.8491771444383,2995.8491771444383,22.822151093658746,0,4.790894074553781,0
8.100999999999988,3059.6076965797142,3059.6076965797142,22.761360078479157,0,4.858832387139118,0
8.200999999999988,3123.966749281207,3123.966749281207,22.70076838076415,0,4.926658252283461,0
8.300999999999988,3188.9164378848996,3188.9164378848996,22.640449831879888,0,4.99436774882158,0
8.400999999999987,3254.458209595283,3254.458209595283,22.58040470496508,0,5.061968694734091,0
8.500999999999987,3320.5299248178417,3320.5299248178417,22.520877433737613,0,5.129404637249329,0
8.600999999999987,3387.0647431323237,3387.0647431323237,22.46205732736234,0,5.1966189052322465,0
8.700999999999986,3454.085913095187,3454.085913095187,22.403805391699937,0,5.2636470003091835,0
8.800999999999986,3521.6007024700457,3521.6007024700457,22.346084310874915,0,5.330506361152007,0
8.900999999999986,3589.590440849469,3589.590440849469,22.288964253569535,0,5.397188426744546,0
9.000999999999985,3658.0359982294885,3658.0359982294885,22.232493088996684,0,5.463684861292594,0
9.100999999999985,3726.9139234876266,3726.9139234876266,22.17667739887639,0,5.529983765697042,0
9.200999999999985,3796.1995367688055,3796.1995367688055,22.12155874657835,0,5.596072926627566,0
9.300999999999984,3865.8756039325713,3865.8756039325713,22.06718227908736,0,5.661947817026032,0
9.400999999999984,3935.931098058277,3935.931098058277,22.013575886923753,0,5.7276099220531735,0
9.500999999999983,4006.3738884871536,4006.3738884871536,21.960685615263323,0,5.793077933327482,0
9.600999999999983,4077.2042034823075,4077.2042034823075,21.90844724034591,0,5.858362340693471,0
9.700999999999983,4148.370338305955,4148.370338305955,21.856994402164457,0,5.923426456399583,0
9.800999999999982,4219.8580740476855,4219.8580740476855,21.806346618163406,0,5.9882692146810585,0
9.900999999999982,4291.66464189744,4291.66464189744,21.756485036922264,0,6.052899634070474,0
10.000999999999982,4363.78403604759,4363.78403604759,21.707398939379022,0,6.117323341884313,0
10.100999999999981,4436.190670655311,4436.190670655311,21.65911401132182,0,6.181528565223634,0
10.200999999999981,4508.878290096792,4508.878290096792,21.611609053690927,0,6.245520927278918,0
10.30099999999998,4581.8449024425345,4581.8449024425345,21.564861174267225,0,6.309309327139858,0
10.40099999999998,4655.087791648863,4655.087791648863,21.518852601838475,0,6.372901552883616,0
10.50099999999998,4728.5987052980245,4728.5987052980245,21.473577256503198,0,6.4363002152473054,0
10.60099999999998,4802.348517159776,4802.348517159776,21.429069987749624,0,6.499490191419512,0
10.70099999999998,4876.327073917856,4876.327073917856,21.38532240721878,0,6.562472945958007,0
10.800999999999979,4950.514498017966,4950.514498017966,21.342350680574757,0,6.625241719452706,0
10.900999999999978,5024.900299576664,5024.900299576664,21.300157131797654,0,6.687797795591221,0
11.000999999999978,5099.478577440229,5099.478577440229,21.25872678154334,0,6.750146102621019,0
11.100999999999978,5174.2395681790185,5174.2395681790185,21.218044433411933,0,6.812288096104417,0
11.200999999999977,5249.174409011548,5249.174409011548,21.178097049689935,0,6.8742258602758275,0
11.300999999999977,5324.279319670709,5324.279319670709,21.13886798147532,0,6.9359654118042,0
11.400999999999977,5399.54792078941,5399.54792078941,21.100348702734273,0,6.997510346511171,0
11.500999999999976,5474.976486265697,5474.976486265697,21.06252383867564,0,7.058866163041317,0
11.600999999999976,5550.558190139745,5550.558190139745,21.0253822554835,0,7.120035569134601,0
11.700999999999976,5626.280025590326,5626.280025590326,20.988909062869258,0,7.181016197295645,0
11.800999999999975,5702.137405829275,5702.137405829275,20.9530870214231,0,7.241812366145385,0
11.900999999999975,5778.126499161152,5778.126499161152,20.917902351927445,0,7.30242874081679,0
12.000999999999975,5854.244281719569,5854.244281719569,20.883340208476678,0,7.362870355679447,0
12.100999999999974,5930.485219436619,5930.485219436619,20.849391595053632,0,7.423140028801398,0
12.200999999999974,6006.843664499455,6006.843664499455,20.816045248632072,0,7.483240311551183,0
12.300999999999974,6083.31810235135,6083.31810235135,20.783283551058638,0,7.5431767972366615,0
12.400999999999973,6159.907381005745,6159.907381005745,20.751089743115816,0,7.602955076585379,0
12.500999999999973,6236.610281979895,6236.610281979895,20.71945103569646,0,7.662580420902058,0
12.600999999999972,6313.422134187679,6313.422134187679,20.688358936561514,0,7.72205521049111,0
12.700999999999972,6390.338476146525,6390.338476146525,20.657802973842863,0,7.781381843329885,0
12.800999999999972,6467.358100192601,6467.358100192601,20.627767848357813,0,7.840565048238819,0
12.900999999999971,6544.479042348867,6544.479042348867,20.598241060420207,0,7.899608753205532,0
13.000999999999971,6621.698119198043,6621.698119198043,20.569214460915344,0,7.958515786914029,0
13.10099999999997,6699.022227941101,6699.022227941101,20.54066695429765,0,8.017296409830802,0
13.20099999999997,6776.4497137154285,6776.4497137154285,20.51258973316212,0,8.07595405674023,0
13.30099999999997,6853.976994658805,6853.976994658805,20.484974641561188,0,8.134490592273428,0
13.40099999999997,6931.601699724591,6931.601699724591,20.45781264004758,0,8.192908663751792,0
13.50099999999997,7009.320971911937,7009.320971911937,20.431096092034007,0,8.251210433064369,0
13.600999999999969,7087.124591073695,7087.124591073695,20.404825911866528,0,8.309392474290089,0
13.700999999999969,7164.993031227054,7164.993031227054,20.379017472652908,0,8.36744461433977,0
13.800999999999968,7242.924516926186,7242.924516926186,20.35365982311926,0,8.425369971111504,0
13.812012,7251.510097549193,7251.510097549193,20.350894582887832,0,8.431741082407727,0
