1.025
0.985
draft,vol,Mass,lcg,tcg,vcg,FSM
0.001,0.20882750794377605,0.21404819564237043,104.71819688006198,-6.0399574198362,0.0005000124039255255,2166.845322580645
0.101,21.2485493222093,21.77976305526453,104.71618895026087,-6.081204955231169,0.05062559770156506,2265.11796
0.201,42.599104839223166,43.664082460203744,104.7142104695723,-6.122655176520131,0.10099378120481221,2366.34389
0.30100000000000005,64.26049405898539,65.86700641046002,104.71226079484366,-6.164303657153617,0.15159926470107388,2470.56327
0.401,86.23271698149594,88.38853490603333,104.71033930151526,-6.20614609854851,0.20243690314284385,2577.8165099999997
0.501,108.51577288869537,111.22866721091275,104.70844544587119,-6.24817828279844,0.2535016975174057,2687.46055
0.601,131.09112510003047,134.36840322753122,104.70756987225346,-6.289488958224024,0.30475066674976603,2776.3957
0.701,153.8829430217683,157.7300165973125,104.70918856634295,-6.327309395186538,0.35604425328792355,2843.5503
0.8009999999999999,176.85439495955288,181.2757548335417,104.71222069935367,-6.3616858738050395,0.40735303679354135,2909.16117
0.9009999999999999,200.00278810941393,205.00285781214924,104.71611140643377,-6.393721097766464,0.4587082109082728,2972.72927
1.001,223.3016672486439,228.88420892985997,104.71998992109981,-6.4233924556705,0.5100777806045815,3021.4869200000003
1.101,246.72065934406436,252.88867582766594,104.72308886673102,-6.450584593295367,0.5614264404806454,3063.33443
1.201,270.23912802429163,276.9951062248989,104.72565582186643,-6.475436646841279,0.6127390038163376,3100.78091
1.3010000000000002,293.85300609843955,301.1993312509005,104.72783624610683,-6.498413523077694,0.6640320384589665,3138.49851
1.4010000000000002,317.55858201029037,325.4975465605476,104.72980535746137,-6.519850880230953,0.7153159305039816,3168.89437
1.5010000000000003,341.3316977158183,349.8649901587137,104.7321565158513,-6.53959300022519,0.7665564954300865,3193.83396
1.6010000000000004,365.1679947776342,374.297194647075,104.73490674594964,-6.557889344744229,0.8177623929398868,3219.03257
1.7010000000000005,389.0674731957383,398.7941600256317,104.73798136028655,-6.575004680070626,0.8689475268571837,3211.926489999982
1.8010000000000006,408.80504403316496,419.02517013399404,104.7407112735195,-6.598847886750302,0.9111268926629464,13.384
1.9010000000000007,412.644111836614,422.9602146325293,104.74126281142924,-6.6508190070975415,0.9198710779843982,13.384
2.001000000000001,416.4831796400631,426.8952591310646,104.74180418138242,-6.701832006374888,0.9293758408157238,13.384
2.101000000000001,420.32224744351214,430.8303036295999,104.74233566199015,-6.751913137951805,0.9396203406567027,13.384
2.201000000000001,424.16131524696124,434.76534812813526,104.7428575217767,-6.801087704724783,0.9505844915133886,13.384
2.301000000000001,428.00038305041016,438.7003926266704,104.74337001963184,-6.8493801017450116,0.9622489280593457,13.384
2.401000000000001,431.83945085385926,442.6354371252057,104.74387340523934,-6.896813856572238,0.9745949736018518,13.384
2.5010000000000012,435.67851865730836,446.57048162374105,104.74436791948227,-6.943411667495164,0.9876046097417364,13.384
2.6010000000000013,439.51758646075734,450.50552612227625,104.74485379482769,-6.989195439748712,1.0012604476232931,13.384
2.7010000000000014,443.3566542642064,454.4405706208115,104.74533125569059,-7.034186319849686,1.0155457006778952,13.384
2.8010000000000015,447.1957220676553,458.37561511934666,104.74580051878,-7.078404728163829,1.0304441587715458,13.384
2.9010000000000016,451.03478987110446,462.31065961788204,104.74626179342654,-7.12187038980968,1.0459401636727168,13.384
3.0010000000000017,454.8738576745535,466.2457041164173,104.74671528189407,-7.1646023639975045,1.0620185857624742,13.384
3.1010000000000018,458.71292547800255,470.18074861495256,104.74716117967525,-7.2066190718949334,1.078664801914114,13.384
3.201000000000002,462.55199328145164,474.1157931134879,104.74759967577253,-7.247938323104944,1.0958646744743532,13.384
3.301000000000002,466.39106108490057,478.05083761202303,104.7480309529654,-7.288577340836151,1.1136045312826193,13.384
3.401000000000002,470.23012888834967,481.98588211055835,104.74845518806426,-7.328552785840084,1.1318711466690938,13.384
3.501000000000002,474.0691966917987,485.9209266090936,104.74887255215218,-7.367880779185426,1.1506517233760436,13.384
3.601000000000002,477.9082644952478,489.85597110762893,104.74928321081505,-7.4065769239345265,1.169933875350511,13.384
3.7010000000000023,481.74733229869673,493.7910156061641,104.74968732436042,-7.444656325783506,1.1897056113597604,13.384
3.8010000000000024,485.5864001021459,497.7260601046995,104.75008504802621,-7.482133612723244,1.2099553193839456,13.384
3.9010000000000025,489.42546790559487,501.6611046032347,104.75047653217972,-7.519022953775054,1.230671751743323,13.384
4.001000000000002,493.264535709044,505.5961491017701,104.75086192250686,-7.555338076851437,1.251844010920001,13.384
4.101000000000002,497.1036035124929,509.5311936003052,104.75124136019322,-7.591092285789217,1.2734615360366506,13.384
4.201000000000001,500.94267131594194,513.4662380988404,104.7516149820963,-7.626298476599451,1.2955140899569788,13.384
4.301000000000001,504.781739119391,517.4012825973757,104.75198292091022,-7.6609691529758335,1.3179917469748168,13.384
4.401000000000001,508.62080692283996,521.3363270959109,104.75234530532272,-7.69511644110074,1.3408848810607583,13.384
4.501,512.4598747262891,525.2713715944462,104.75270226016544,-7.728752103785756,1.3641841546370872,13.384
4.601,516.298942529738,529.2064160929815,104.75305390655708,-7.761887553981365,1.387880507853518,13.384
4.701,520.138010333187,533.1414605915166,104.75340036204047,-7.7945338676883,1.411965148337842,13.384
4.800999999999999,523.9770781366361,537.076505090052,104.75374174071364,-7.826701796301373,1.4364295413971648,13.384
4.900999999999999,527.8161459400852,541.0115495885873,104.75407815335505,-7.858401778414547,1.4612654006467585,13.384
5.000999999999999,531.6552137435342,544.9465940871225,104.75440970754343,-7.88964395111457,1.4864646790449225,13.384
5.100999999999998,535.4942815469832,548.8816385856577,104.75473650777249,-7.920438160788825,1.5120195603135014,13.384
5.200999999999998,539.3333493504323,552.8166830841931,104.75505865556082,-7.950793973471543,1.5379224507247948,13.384
5.3009999999999975,543.1724171538813,556.7517275827282,104.75537624955678,-7.980720684751339,1.5641659712367983,13.384
5.400999999999997,547.0114849573303,560.6867720812635,104.75568938563939,-8.010227329261424,1.590742949959583,13.384
5.500999999999997,550.8505527607794,564.6218165797987,104.75599815701499,-8.039322689773133,1.6176464149367407,13.384
5.600999999999996,554.6896205642283,568.556861078334,104.75630265430931,-8.06801530591166,1.644869587226564,13.384
5.700999999999996,558.5286883676773,572.4919055768692,104.75660296565663,-8.096313482512498,1.6724058742685874,13.384
5.800999999999996,562.3677561711265,576.4269500754046,104.75689917678439,-8.124225297635478,1.7002488635218083,13.384
5.900999999999995,566.2068239745754,580.3619945739397,104.75719137109513,-8.151758610252891,1.7283923163617536,13.384
6.000999999999995,570.0458917780244,584.297039072475,104.7574796297446,-8.178921067626833,1.7568301622241072,13.384
6.100999999999995,573.8849595814734,588.2320835710102,104.75776403171697,-8.205720112390544,1.7855564929834475,13.384
6.200999999999994,577.7240273849225,592.1671280695455,104.75804465389687,-8.232162989347348,1.8145655575560662,13.384
6.300999999999994,581.5630951883714,596.1021725680807,104.75832157113888,-8.258256752000324,1.8438517567165937,13.384
6.400999999999994,585.4021629918204,600.0372170666159,104.75859485633394,-8.284008268825025,1.8734096381185492,13.384
6.500999999999993,589.2412307952695,603.9722615651513,104.7588645804734,-8.30942422929703,1.9032338915095741,13.384
6.600999999999993,593.0802985987186,607.9073060636865,104.75913081271045,-8.334511149685351,1.933319344132474,13.384
6.7009999999999925,596.9193664021676,611.8423505622218,104.7593936204193,-8.359275378622293,1.963660956303745,13.384
6.800999999999992,600.7584342056168,615.7773950607572,104.75965306925188,-8.383723102459763,1.9942538171616233,13.384
6.900999999999992,604.5975020090656,619.7124395592922,104.75990922319278,-8.407860350421492,2.0250931405761268,13.384
7.0009999999999915,608.4365698125147,623.6474840578275,104.76016214461146,-8.431692999560234,2.056174261213944,13.384
7.100999999999991,612.2756376159639,627.582528556363,104.7604118943133,-8.455226779528433,2.0874926307513557,13.384
7.200999999999991,616.1147054194128,631.517573054898,104.7606585315881,-8.478467277170552,2.1190438142287533,13.384
7.30099999999999,619.9537732228619,635.4526175534334,104.76090211425698,-8.501419940944764,2.1508234865405824,13.384
7.40099999999999,623.792841026311,639.3876620519686,104.76114269871779,-8.524090085181388,2.182827429054941,13.384
7.50099999999999,627.6319088297599,643.3227065505039,104.76138033998834,-8.546482894185008,2.215051526357192,13.384
7.600999999999989,631.4709766332089,647.2577510490391,104.76161509174855,-8.568603426186979,2.247491763112404,13.384
7.700999999999989,635.3100444366578,651.1927955475742,104.7618470063809,-8.590456617154599,2.280144221041508,13.384
7.800999999999989,639.149112240107,655.1278400461097,104.7620761350092,-8.612047284463065,2.3130050760064806,13.384
7.900999999999988,642.988180043556,659.0628845446448,104.7623025275364,-8.633380130435803,2.346070595199894,13.384
8.000999999999989,646.827247847005,662.9979290431801,104.76252623268064,-8.654459745758768,2.3793371344345897,13.384
8.100999999999988,650.6663156504542,666.9329735417155,104.76274729801028,-8.675290612773885,2.412801135529287,13.384
8.200999999999988,654.5053834539029,670.8680180402505,104.76296576997767,-8.69587710865656,2.4464591237862003,13.384
8.300999999999988,658.3444512573521,674.8030625387859,104.76318169395148,-8.716223508481978,2.4803077055569083,13.384
8.400999999999987,662.1835190608011,678.7381070373211,104.76339511424845,-8.73633398818484,2.514343565892906,13.384
8.500999999999987,666.0225868642502,682.6731515358564,104.76360607416342,-8.75621262741664,2.5485634662774013,13.384
8.600999999999987,669.8616546676992,686.6081960343917,104.76381461599878,-8.77586341230472,2.5829642424351156,13.384
8.700999999999986,673.7007224711482,690.5432405329268,104.76402078109257,-8.795290238117033,2.617542802216967,13.384
8.800999999999986,677.5397902745973,694.4782850314622,104.76422460984602,-8.81449691183623,2.6522961235566602,13.384
8.900999999999986,681.3788580780463,698.4133295299973,104.7644261417498,-8.833487154646798,2.687221252496371,13.384
9.000999999999985,685.2179258814953,702.3483740285326,104.76462541540957,-8.852264604338567,2.7223153012787846,13.384
9.100999999999985,689.0569936849445,706.2834185270681,104.76482246857057,-8.870832817629848,2.757575446502924,13.384
9.200999999999985,692.8960614883933,710.2184630256031,104.76501733814163,-8.889195272413403,2.792998927341287,13.384
9.300999999999984,696.7351292918423,714.1535075241384,104.765210060218,-8.907355369928057,2.828583043815912,13.384
9.400999999999984,700.5741970952914,718.0885520226736,104.76540067010373,-8.925316436859042,2.8643251551311386,13.384
9.500999999999983,704.4132648987403,722.0235965212088,104.76558920233335,-8.943081727369554,2.900222678060891,13.384
9.600999999999983,708.2523327021895,725.9586410197442,104.76577569069246,-8.960654425066258,2.9362730853883883,13.384
9.700999999999983,712.0914005056386,729.8936855182795,104.7659601682382,-8.978037644901276,2.9724739043963604,13.384
9.800999999999982,715.9304683090875,733.8287300168146,104.76614266731865,-8.995234435012902,3.008822715405808,13.384
9.900999999999982,719.7695361125366,737.76377451535,104.76632321959165,-9.012247778507442,3.045317150361539,13.384
10.000999999999982,723.6086039159856,741.6988190138851,104.76650185604323,-9.029080595184347,3.081954891462742,13.384
10.100999999999981,727.4476717194345,745.6338635124204,104.76667860700545,-9.0457357432067,3.118733669836906,13.384
10.200999999999981,731.2867395228835,749.5689080109555,104.76685350217318,-9.062216020719086,3.155651264255505,13.384
10.30099999999998,735.1258073263327,753.503952509491,104.76702657062118,-9.078524167414798,3.1927054998899616,13.384
10.40099999999998,738.9648751297818,757.4389970080263,104.76719784081995,-9.09466286605412,3.2298942471063325,13.384
10.50099999999998,742.8039429332306,761.3740415065613,104.76736734065148,-9.110634743935629,3.2672154202974237,13.384
10.60099999999998,746.6430107366798,765.3090860050967,104.76753509742412,-9.126442374321993,3.304666976750892,13.384
10.70099999999998,750.4820785401288,769.2441305036319,104.76770113788766,-9.142088277822143,3.3422469155521375,13.384
10.800999999999979,754.3211463435777,773.179175002167,104.76786548824715,-9.157574923731081,3.3799532765206437,13.384
10.900999999999978,758.160214147027,777.1142195007026,104.76802817417702,-9.172904731329105,3.4177841391786665,13.384
11.000999999999978,761.9992819504757,781.0492639992376,104.76818922083416,-9.188080071141725,3.4557376217510933,13.384
11.100999999999978,765.8383497539248,784.9843084977729,104.7683486528711,-9.203103266161648,3.493811880195389,13.384
11.200999999999977,769.6774175573738,788.9193529963081,104.76850649444849,-9.217976593034244,3.532005107260549,13.384
11.300999999999977,773.5164853608228,792.8543974948433,104.76866276924731,-9.232702283207669,3.5703155315741064,13.384
11.400999999999977,777.355553164272,796.7894419933788,104.76881750048081,-9.247282524048927,3.6087414167561667,13.384
11.500999999999976,781.1946209677209,800.7244864919138,104.76897071090582,-9.261719459927052,3.6472810605595996,13.384
11.600999999999976,785.03368877117,804.6595309904492,104.7691224228341,-9.27601519326444,3.6859327940354083,13.384
11.700999999999976,788.872756574619,808.5945754889843,104.7692726581431,-9.290171785557531,3.7246949807225267,13.384
11.800999999999975,792.711824378068,812.5296199875196,104.76942143828629,-9.304191258367842,3.7635660158611133,13.384
11.900999999999975,796.550892181517,816.4646644860549,104.7695687843038,-9.318075594284279,3.802544325628604,13.384
12.000999999999975,800.3899599849661,820.3997089845902,104.76971471683197,-9.331826737857854,3.841628366397807,13.384
12.100999999999974,804.2290277884149,824.3347534831252,104.76985925611304,-9.345446596509525,3.880816624016134,13.384
12.200999999999974,808.0680955918642,828.2697979816608,104.77000242200465,-9.35893704141222,3.920107613105495,13.384
12.300999999999974,811.9071633953131,832.2048424801958,104.77014423398886,-9.37229990834784,3.959499876381968,13.384
12.400999999999973,815.7462311987622,836.1398869787312,104.77028471118093,-9.385536998540024,3.998991983994744,13.384
12.500999999999973,819.5852990022113,840.0749314772665,104.77042387233801,-9.39865007946355,4.03858253288361,13.384
12.600999999999972,823.4243668056602,844.0099759758016,104.77056173586746,-9.411640885631051,4.078270146154393,13.384
12.700999999999972,827.2634346091091,847.9450204743368,104.77069831983488,-9.424511119357868,4.118053472471862,13.384
12.800999999999972,831.1025024125581,851.880064972872,104.77083364197209,-9.43726245150569,4.1579311854693835,13.384
12.900999999999971,834.9415702160074,855.8151094714076,104.77096771968482,-9.449896522205655,4.197901983174904,13.384
13.000999999999971,838.7806380194564,859.7501539699427,104.77110057006014,-9.462414941561622,4.2379645874526695,13.384
13.10099999999997,842.6197058229052,863.6851984684778,104.77123220987374,-9.474819290334231,4.27811774346025,13.384
13.20099999999997,846.4587736263544,867.6202429670132,104.77136265559686,-9.487111120606277,4.318360219120275,13.384
13.30099999999997,850.2978414298034,871.5552874655484,104.77149192340336,-9.49929195643016,4.358690804606552,13.384
13.40099999999997,854.1369092332524,875.4903319640836,104.77162002917632,-9.511363294457793,4.39910831184399,13.384
13.50099999999997,857.9759770367015,879.4253764626189,104.7717469885145,-9.523326604553617,4.439611574021948,13.384
13.600999999999969,861.8150448401504,883.3604209611541,104.77187281673872,-9.53518333039129,4.480199445120646,13.384
13.700999999999969,865.6541126435994,887.2954654596894,104.77199752889805,-9.546934890034393,4.520870799450114,13.384
13.800999999999968,869.4931804470485,891.2305099582246,104.77212113977578,-9.558582676501862,4.561624531201391,6.692000000213973
13.812012,869.9159385935654,891.6638370584045,104.77213468511859,-9.559859046865617,4.566117320425188,0
