1.025
0.985
draft,vol,Mass,lcg,tcg,vcg,FSM
1.5807784,0.06906730852068636,0.07079399123370352,41.293053564102145,-4.860259790764235,1.5804254867298118,0
1.6807784000000001,10.051206090153995,10.302486242407843,41.25927029938018,-4.875841586954602,1.6306396488936983,0
1.7807784000000002,20.153581328763703,20.657420861982793,41.247654168325745,-4.903744594498451,1.6808674075668708,0
1.8807784000000003,30.33155414093684,31.08984299446026,41.24393262704289,-4.925449141068668,1.7311918973017992,0
1.9807784000000004,40.585124526673425,41.599752639840254,41.24218703552482,-4.9456349099319645,1.7816316645099375,0
2.0807784000000003,50.91429248597345,52.18714979812278,41.24123136663502,-4.965239267671993,1.8321893435325218,0
2.1807784000000003,61.31908071877209,62.852057736741386,41.24067187859199,-4.984576609793715,1.8828650351165037,0
2.2807784000000004,71.79996967006014,73.59496891181163,41.24037262772432,-5.003816375207462,1.933660002575265,0
2.3807784000000005,82.35715233148625,84.4160811397734,41.24024718004581,-5.02302420793536,1.9845734584444819,0
2.4807784000000006,92.99315047588516,95.31797923778228,41.24032124142299,-5.0423717952132385,2.0356150030071336,0
2.5807784000000007,103.71064409610813,106.30341019851082,41.24061386172486,-5.061971719261417,2.086791907061608,0
2.680778400000001,114.5096338077723,117.3723746529666,41.24106306508736,-5.0817684698663035,2.1380992379756525,0
2.780778400000001,125.39011961087773,128.52487260114967,41.24162751937398,-5.101724793552545,2.1895332453943537,0
2.880778400000001,136.35210150542437,139.76090404305998,41.24227862245438,-5.121814710921996,2.241090917269095,0
2.980778400000001,147.39557949141226,151.08046897869755,41.24299596181272,-5.142019499131652,2.2927697240089495,0
3.080778400000001,158.5203368341048,162.4833452549574,41.243760327667495,-5.1623172882187225,2.344566471368774,0
3.1807784000000012,169.72276271022966,173.9658317779854,41.244495101224736,-5.182573922818424,2.396463560779041,0
3.2807784000000013,181.00157313601977,185.52661246442025,41.24518273773022,-5.202761742597914,2.4484560119045278,0
3.3807784000000014,192.35395928318087,197.16280826526037,41.245755446289,-5.2228081052114055,2.5005320708299266,0
3.4807784000000015,203.76452033175596,208.85863334004983,41.24594231255669,-5.242281444141955,2.5526263711668076,0
3.5807784000000016,215.19602463347988,220.57592524931687,41.24575734818561,-5.260247247770342,2.6045873297232034,0
3.6807784000000017,226.62974023209628,232.29548373789868,41.245534668991745,-5.276455262347807,2.656359828298599,0
3.7807784000000018,238.06496788210214,244.01659207915466,41.245305465654056,-5.29114249257661,2.7079685730052203,0
3.880778400000002,249.50177859824242,255.73932306319847,41.24507152588726,-5.304519494749052,2.7594366496094236,0
3.980778400000002,260.940172380517,267.46367669002996,41.244833476731436,-5.316758331269294,2.8107828308607563,0
4.080778400000002,272.38014922892603,279.18965295964915,41.244591840049054,-5.328002203720927,2.8620227405892815,0
4.180778400000001,283.8217091434694,290.9172518720561,41.24434705368981,-5.338371260527638,2.9131694873624245,0
4.280778400000001,295.2648521241471,302.6464734272508,41.24409948774237,-5.347967056461478,2.96423415104886,0
4.3807784000000005,306.7095781709593,314.3773176252332,41.243849457154255,-5.356876015509011,3.0152261606417032,0
4.4807784,318.15588728390577,326.10978446600336,41.24359723163243,-5.365172147623055,3.066153590675326,0
4.5807784,329.60377946298667,337.8438739495613,41.243343043484714,-5.372919200410543,3.1170233959897296,0
4.6807783999999995,341.0532547082019,349.57958607590695,41.24308709388494,-5.380172378279722,3.1678415993016524,0
4.780778399999999,352.5043130195516,361.3169208450404,41.24282955791931,-5.386979727200982,3.2186134422917716,0
4.880778399999999,363.95681197624725,373.0557322756534,41.242572640193,-5.393381082545815,3.2693428869978556,0
4.980778399999998,375.4103613722258,384.7956204065314,41.242321736084385,-5.399407765425088,3.3200323304500476,0
5.080778399999998,386.86493889727615,396.536562369708,41.242076615829355,-5.405092689779131,3.3706853622366304,0
5.180778399999998,398.3205445513988,408.27855816518377,41.241836782343924,-5.410465300618561,3.4213052476498578,0
5.280778399999997,409.7771783345935,420.02160779295826,41.24160179404741,-5.415551755180426,3.4718948873633066,0
5.380778399999997,421.2348402468603,431.7657112530318,41.24137125732593,-5.42037536934961,3.5224568669406326,0
5.480778399999997,432.6935302881992,443.51086854540415,41.24114482019165,-5.424956993264034,3.5729934984907237,0
5.580778399999996,444.1532484586104,455.2570796700756,41.240922166921834,-5.429315328871955,3.6235068558852364,0
5.680778399999996,455.6139947580934,467.00434462704567,41.24070301350566,-5.433467199644769,3.673998804670146,0
5.7807783999999955,467.0757691866487,478.7526634163149,41.240487103760145,-5.437427780649096,3.724471027581045,0
5.880778399999995,478.538571744276,490.5020360378829,41.24027420600345,-5.441210795612893,3.7749250463980646,0
5.980778399999995,490.00240243097545,502.2524624917498,41.240064110194034,-5.444828686380701,3.825362240738698,0
6.0807783999999945,501.46726124674706,514.0039427779157,41.23985662546177,-5.448292759168393,3.8757838642776523,0
6.180778399999994,512.9331481915906,525.7564768963803,41.23965157796933,-5.451613311240559,3.926191058795558,0
6.280778399999994,524.4000632655064,537.510064847144,41.239448809053684,-5.454799741001164,3.976584866388168,0
6.380778399999993,535.8680064684944,549.2647066302067,41.239248173605716,-5.457860643977168,4.026966240111085,0
6.480778399999993,547.3369778005542,561.020402245568,41.2390495386532,-5.460803896759928,4.0773360532889775,0
6.580778399999993,558.8069772616864,572.7771516932285,41.23885278211785,-5.46363673063094,4.127695107680774,0
6.680778399999992,570.2780048518905,584.5349549731877,41.238657791722034,-5.466365796321248,4.1780441406615765,0
6.780778399999992,581.7500605711667,596.2938120854459,41.238464464024624,-5.4689972211256235,4.2283838315567115,0
6.880778399999992,593.2231444195152,608.053723030003,41.23827270356844,-5.471536659404249,4.27871480724242,0
6.980778399999991,604.6972563969358,619.8146878068592,41.23808242212452,-5.4739893373481365,4.329037647110422,0
7.080778399999991,616.1723965034283,631.576706416014,41.23789353802068,-5.476360092754318,4.379352887479029,0
7.180778399999991,627.6485647389932,643.339778857468,41.23770597554348,-5.478653410447948,4.429661025521514,0
7.28077839999999,639.1257611036299,655.1039051312206,41.23751966440454,-5.480873453897232,4.47996252277225,0
7.38077839999999,650.6038927913861,666.8689901111707,41.23733528635754,-5.483023305226098,4.5302574054759654,0
7.4807783999999895,662.082771714159,678.6348410070129,41.23715422946487,-5.485105039180763,4.580545280214886,0
7.580778399999989,673.5623924356842,690.4014522465762,41.23697636679913,-5.4871220888779435,4.630826536735759,0
7.680778399999989,685.0427559919564,702.1688248917552,41.23680153043633,-5.4890777099503225,4.681101565496827,0
7.780778399999988,696.5238705836035,713.9369673481935,41.23662950963885,-5.490975000527237,4.731370762227143,0
7.880778399999988,708.0057379719576,725.7058814212564,41.23646015495425,-5.492816807905202,4.781634470335782,0
7.980778399999988,719.4883581570184,737.4755671109438,41.23629333927362,-5.494605784466335,4.831893004078226,0
8.080778399999987,730.9717311387856,749.2460244172552,41.23612894345896,-5.496344416262711,4.8821466579963815,0
8.180778399999987,742.4558569172596,761.017253340191,41.23596685572796,-5.498035035853213,4.932395708440031,0
8.280778399999987,753.94073549244,772.789253879751,41.235806971095066,-5.499679833969625,4.9826404149495,0
8.380778399999986,765.4260820047161,784.561734054834,41.23565022022489,-5.501278752107965,5.032879786380293,0
8.480778399999986,776.9114377232673,796.334223666349,41.23549809748197,-5.502830463410173,5.083112119698306,0
8.580778399999986,788.3967964776125,808.1067163895527,41.23535042224961,-5.5043369864337,5.13333769684009,0
8.680778399999985,799.8821582677516,819.8792122244454,41.235207002946574,-5.50580026771163,5.183556809024866,0
8.780778399999985,811.3675230936851,831.6517111710272,41.23506765883927,-5.507222143560958,5.233769730982517,0
8.880778399999985,822.8528909554125,843.4242132292977,41.23493221928474,-5.508604347774508,5.2839767221043665,0
8.980778399999984,834.3382618529341,855.1967183992574,41.234800523036085,-5.509948518677507,5.334178027498911,0
9.080778399999984,845.8236357862497,866.9692266809059,41.23467241760461,-5.511256205609278,5.38437387896154,0
9.180778399999983,857.3090127553594,878.7417380742432,41.23454775867305,-5.512528874883895,5.434564495866299,0
9.280778399999983,868.7943927602632,890.5142525792697,41.234426409555546,-5.513767915278057,5.484750085986935,0
9.380778399999983,880.279775800961,902.286770195985,41.23430824069977,-5.514974643089365,5.534930846253652,0
9.480778399999982,891.7651585995287,914.0592875645168,41.234193139389056,-5.516150285940783,5.585106949201236,0
9.580778399999982,903.2505259349036,925.8317890832761,41.234081035189575,-5.517295934000645,5.635278506871117,0
9.680778399999982,914.7358758903206,937.6042727875786,41.23397182099331,-5.518412705277933,5.685445681444779,0
9.780778399999981,926.2212084657793,949.3767386774238,41.23386538928407,-5.519501674072305,5.735608635047536,0
9.880778399999981,937.70652366128,961.1491867528119,41.23376163781351,-5.520563862046801,5.7857675218611675,0
9.98077839999998,949.1918214768226,972.9216170137431,41.23366046928251,-5.521600241412598,5.835922488604548,0
10.08077839999998,960.6771019124074,984.6940294602174,41.23356179104514,-5.52261173788525,5.886073674979764,0
10.18077839999998,972.162364968034,996.4664240922348,41.23346551483397,-5.523599233431419,5.936221214086656,0
10.28077839999998,983.6476106437024,1008.2388009097948,41.233371556504316,-5.524563568823127,5.986365232808272,0
10.38077839999998,995.1328511740116,1020.0111724533618,41.23327987423361,-5.525505616393255,6.0365059052781485,0
10.480778399999979,1006.6181178561236,1031.7835708025266,41.23319048731964,-5.526426317004757,6.086643480602347,0
10.580778399999978,1018.1034122542159,1043.555997560571,41.23310332289083,-5.527326401832876,6.136778071559151,0
10.680778399999978,1029.5887343682887,1055.3284527274957,41.23301830657723,-5.528206560732519,6.186909779357537,0
10.780778399999978,1041.0740841983427,1067.100936303301,41.23293536729041,-5.529067453119382,6.23703870074072,0
10.880778399999977,1052.5594617443767,1078.873448287986,41.232854437044466,-5.5299097096305125,6.2871649282297835,0
10.980778399999977,1064.0448670063918,1090.6459886815514,41.23277545078848,-5.530733933677336,6.337288550351518,0
11.080778399999977,1075.5302999843875,1102.4185574839971,41.232698346249975,-5.531540702899183,6.387409651851669,0
11.180778399999976,1087.015760678364,1114.191154695323,41.232623063788026,-5.532330570524687,6.437528313894673,0
11.280778399999976,1098.5012490883207,1125.9637803155285,41.232549546255775,-5.533104066647775,6.487644614250859,0
11.380778399999976,1109.986765214258,1137.7364343446143,41.232477738871374,-5.533861699424456,6.53775862747202,0
11.480778399999975,1121.4723090561763,1149.5091167825806,41.232407589096894,-5.534603956196073,6.587870425056221,0
11.580778399999975,1132.957880614075,1161.2818276294267,41.23233904652462,-5.535331304544242,6.6379800756025595,0
11.680778399999975,1144.4434798879547,1173.0545668851535,41.23227206277015,-5.53604419328228,6.688087644956621,0
11.780778399999974,1155.9291068778145,1184.8273345497598,41.232206591371906,-5.536743053387521,6.73819319634727,0
11.880778399999974,1167.4147615836555,1196.6001306232467,41.232142587696536,-5.537428298878604,6.788296790515333,0
11.980778399999974,1178.9004440054769,1208.3729551056138,41.23208000884988,-5.538100327641507,6.838398485834815,0
12.080778399999973,1190.3861541432786,1220.1458079968604,41.232018813593044,-5.538759522207732,6.8884983384270475,0
12.180778399999973,1201.8718919970613,1231.9186892969878,41.23195896226336,-5.5394062504878985,6.938596402268326,0
12.280778399999972,1213.3576575668249,1243.6915990059954,41.23190041669978,-5.540040866463666,6.98869272929141,0
12.380778399999972,1224.8434508525688,1255.464537123883,41.23184314017247,-5.540663710840752,7.038787369481346,0
12.480778399999972,1236.3292718542932,1267.2375036506505,41.23178709731634,-5.541275111665506,7.088880370965912,0
12.580778399999971,1247.8151205719982,1279.0104985862981,41.23173225406822,-5.541875384907497,7.138971780101089,0
12.680778399999971,1259.3009970056844,1290.7835219308263,41.231678577607525,-5.54246483501017,7.189061641551849,0
12.78077839999997,1270.7869011553507,1302.5565736842343,41.23162603630013,-5.543043755411689,7.239149998368586,0
12.88077839999997,1282.2728330209982,1314.3296538465231,41.23157459964514,-5.543612429037741,7.289236892059382,0
12.98077839999997,1293.7587926026256,1326.102762417691,41.23152423822475,-5.5441711287681565,7.339322362658501,0
13.08077839999997,1305.244779900234,1337.8758993977399,41.23147492365642,-5.544720117878821,7.389406448791191,0
13.18077839999997,1316.7071810707316,1349.6248605974997,41.231406236043725,-5.545157818747226,7.439386677302235,0
13.280778399999969,1328.08893865116,1361.291162117439,41.231296636110486,-5.545246539792651,7.489018535351051,0
13.380778399999969,1339.3830959438505,1372.8676733424468,41.23116519693001,-5.544972210077692,7.538277752253464,0
13.480778399999968,1350.5811344802737,1384.3456628422805,41.23104543462947,-5.544315863620787,7.587133496351868,0
13.580778399999968,1361.6823392362687,1395.7243977171754,41.23093690353232,-5.5432906541929325,7.635588848086373,0
13.680778399999967,1372.6763457146924,1406.9932543575596,41.2308209789489,-5.541872797898179,7.683604683191268,0
13.780778399999967,1383.5510539348247,1418.1398302831951,41.2307127206712,-5.540035277530087,7.731134729433955,0
13.880778399999967,1394.3103395351818,1429.1680980235612,41.23063389543791,-5.537811316110485,7.778202348196732,0
13.980778399999966,1404.957356914322,1440.08129083718,41.230591908286,-5.535229697725624,7.824827002704124,0
14.080778399999966,1415.4941637550821,1450.881517848959,41.230583775021955,-5.532313618007657,7.871022900165922,0
14.111935200000001,1418.755506631311,1454.2243942970936,41.23058622995394,-5.53134219304241,7.885333274110927,0
