1
1
draft,vol,Mass,lcg,tcg,vcg,FSM
0.39967840000000004,0,0,0,0,0,0
0.4996784000000001,0.006834206258124941,0.006834206258124941,8.0000856,0,0.4660117333333338,0
0.5996784000000001,0.027066833353054338,0.027066833353054338,8.000085600000002,0,0.5326783999999994,0
0.6996784,0.06069855123932765,0.06069855123932765,8.0000856,0,0.5993450666666669,0
0.7996784,0.10827492761244767,0.10827492761244767,7.993438346951483,0,0.6666517682031075,0
0.8996784,0.1867503803396787,0.1867503803396787,7.857740901206251,0,0.7452907483818016,0
0.9996784,0.3033597960911737,0.3033597960911737,7.704874667735829,0,0.8248402057246875,0
1.0996784,0.4446470785031931,0.4446470785031931,7.580643197767616,0,0.896500656598743,0
1.1996784,0.5952394328246365,0.5952394328246365,7.46707535455542,0,0.9607958620997624,0
1.2996784000000001,0.7565304557894701,0.7565304557894701,7.342151347285594,0,1.0222817805230011,0
1.3996784000000002,0.8920890995859876,0.8920890995859876,7.267554323412488,0,1.0717432683152017,0
1.4996784000000003,0.9973701121437479,0.9973701121437479,7.2259373510300655,0,1.1113906188562075,0
1.5996784000000004,1.0706115696742406,1.0706115696742406,7.2045492400937725,0,1.1410967773619864,0
1.6996784000000005,1.1055872009413898,1.1055872009413898,7.199525702310281,0,1.156916246872906,0
1.7996784000000006,1.1076357007407778,1.1076357007407778,7.201890870210981,0,1.1577439561191007,0
1.8996784000000007,1.0701599315704275,1.0701599315704275,7.223245993085833,0,1.1331899738411013,0
1.9996784000000007,0.9893288153848865,0.9893288153848865,7.273192300050811,0,1.0660974996436294,0
2.0996784000000006,0.8616209327233654,0.8616209327233654,7.370841596064639,0,0.9873600640767175,0
2.1996784000000007,0.7468272026232878,0.7468272026232878,7.42895370102097,0,1.0342160476560347,0
2.299678400000001,0.7015839101989756,0.7015839101989756,7.274909470061931,0,0.9556498387412189,0
2.399678400000001,0.6415817612195966,0.6415817612195966,7.066044542488066,0,1.5463881818214535,0
2.499678400000001,0.665671952679765,0.665671952679765,6.710284254044703,0,2.336429348316002,0
2.599678400000001,0.877085887458624,0.877085887458624,6.403611488367656,0,2.9036517564475064,0
2.699678400000001,1.1268925569556645,1.1268925569556645,6.1951241514643,0,3.323559122932265,0
2.7996784000000012,1.5041354122905766,1.5041354122905766,6.165248984475947,0,3.4331731744891036,0
2.8996784000000013,2.084300699664621,2.084300699664621,6.283548137208546,0,3.271015518404779,0
2.9996784000000014,2.729717926526883,2.729717926526883,6.355416500776829,0,3.1952419040169047,0
3.0996784000000015,3.4429447128671615,3.4429447128671615,6.402410204651621,0,3.1652536262510176,0
3.1996784000000016,4.225091218455669,4.225091218455669,6.434894022697529,0,3.1625068813995783,0
3.2996784000000017,5.077904048407637,5.077904048407637,6.45814786672335,0,3.1772646565755798,0
3.3996784000000018,6.003259683057338,6.003259683057338,6.474947358074069,0,3.203944817545225,0
3.499678400000002,7.008658507792923,7.008658507792923,6.48643879747015,0,3.239297287001659,0
3.599678400000002,8.097759325469335,8.097759325469335,6.494099754785742,0,3.281124023139117,0
3.699678400000002,9.26733760175411,9.26733760175411,6.499770920785723,0,3.32771138101478,0
3.799678400000002,10.519132357530001,10.519132357530001,6.504052415383148,0,3.3779887651906826,0
3.899678400000002,11.84421212833117,11.84421212833117,6.507573599567095,0,3.430807191563383,0
3.9996784000000023,13.23737025250626,13.23737025250626,6.510840683039348,0,3.485458690504495,0
4.099678400000002,14.706214383210416,14.706214383210416,6.513563849409255,0,3.541857566797815,0
4.199678400000002,16.25434687953782,16.25434687953782,6.515616394446331,0,3.599789592501019,0
4.299678400000001,17.879202546685207,17.879202546685207,6.517185104617671,0,3.658883668624645,0
4.399678400000001,19.56674913413869,19.56674913413869,6.518702902879446,0,3.718487424706854,0
4.4996784000000005,21.314263330835843,21.314263330835843,6.520212131365556,0,3.778459338283877,0
4.5996784,23.12011378649346,23.12011378649346,6.521660155634992,0,3.838718175809693,0
4.6996784,24.984143039762845,24.984143039762845,6.523046253206396,0,3.899242089548358,0
4.7996783999999995,26.905634848615144,26.905634848615144,6.524355279355656,0,3.959994469071881,0
4.899678399999999,28.883913683179614,28.883913683179614,6.525572710810296,0,4.0209457756583245,0
4.999678399999999,30.91797333511736,30.91797333511736,6.526671891662562,0,4.082060835681949,0
5.099678399999998,33.00624691272244,33.00624691272244,6.527637501697615,0,4.143294719390886,0
5.199678399999998,35.148578033246906,35.148578033246906,6.528485983478831,0,4.204647343504417,0
5.299678399999998,37.34428143319246,37.34428143319246,6.529206957110795,0,4.2661030215038656,0
5.399678399999997,39.57678610215575,39.57678610215575,6.529828494873888,0,4.327227583238281,0
5.499678399999997,41.775381105843195,41.775381105843195,6.5311442527772785,0,4.386291550811534,0
5.599678399999997,43.93717275210947,43.93717275210947,6.53312043656423,0,4.443530942597369,0
5.699678399999996,46.11289528127715,46.11289528127715,6.534911819226039,0,4.500443557739403,0
5.799678399999996,48.31537640600821,48.31537640600821,6.5365918719626315,0,4.557396090102715,0
5.8996783999999955,50.54988288755019,50.54988288755019,6.538324795917749,0,4.614525402980552,0
5.999678399999995,52.80293472605351,52.80293472605351,6.540339924352741,0,4.671494865997125,0
6.099678399999995,55.336921029709956,55.336921029709956,6.544206569217982,0,4.734779382018616,0
6.1996783999999945,58.500388364423245,58.500388364423245,6.550001475652707,0,4.811296709700906,0
6.299678399999994,61.70100201586753,61.70100201586753,6.554713927337952,0,4.885914648513428,0
6.399678399999994,64.93026658786549,64.93026658786549,6.558307273276124,0,4.9587172144946745,0
6.499678399999993,68.16430326674761,68.16430326674761,6.560844730479863,0,5.029451086577749,0
6.599678399999993,71.37862477992545,71.37862477992545,6.562520219020367,0,5.097908554576171,0
6.699678399999993,74.56696604221372,74.56696604221372,6.563551156095527,0,5.164253812232678,0
6.799678399999992,77.70723647665201,77.70723647665201,6.563995004454853,0,5.228318284175558,0
6.899678399999992,80.78118030166988,80.78118030166988,6.56404396907179,0,5.290006959943376,0
6.999678399999992,83.7945371196997,83.7945371196997,6.563523681395968,0,5.349692540921516,0
7.099678399999991,86.9356897798454,86.9356897798454,6.559005975727815,0,5.411173160134527,0
7.199678399999991,90.51995476680803,90.51995476680803,6.544765778230065,0,5.4800122218628005,0
7.299678399999991,94.06783438196229,94.06783438196229,6.5307216579018394,0,5.546752294012922,0
7.39967839999999,97.56369243837236,97.56369243837236,6.517113122918517,0,5.611350180772506,0
7.49967839999999,101.01923517262347,101.01923517262347,6.503765007098399,0,5.67423024414683,0
7.5996783999999895,104.4369541002276,104.4369541002276,6.490645148639899,0,5.7356017668305626,0
7.699678399999989,108.63797525050302,108.63797525050302,6.4525268256473725,0,5.809685768645958,0
7.799678399999989,113.02595164576094,113.02595164576094,6.4101792009907,0,5.88500243796197,0
7.899678399999988,117.42551993099258,117.42551993099258,6.369122778340892,0,5.958613545389811,0
7.999678399999988,121.83835554258448,121.83835554258448,6.329428974549593,0,6.030728538614974,0
8.099678399999988,126.3305518129484,126.3305518129484,6.288569828606695,0,6.102544681618878,0
8.199678399999987,131.51872917481762,131.51872917481762,6.224220623115933,0,6.183302655277933,0
8.299678399999987,136.73472353617694,136.73472353617694,6.1628872463990625,0,6.26212957927294,0
8.399678399999987,142.23071920757803,142.23071920757803,6.094355311217356,0,6.342830726583327,0
8.499678399999986,147.90008045706523,147.90008045706523,6.023771969479715,0,6.423592525528008,0
8.599678399999986,153.59945685072415,153.59945685072415,5.957222460490396,0,6.5024834646537535,0
8.699678399999986,159.69822098192955,159.69822098192955,5.880509252473454,0,6.5845151711667205,0
8.799678399999985,165.9336334310047,165.9336334310047,5.8043502320601545,0,6.665876978446612,0
8.899678399999985,172.2559461110188,172.2559461110188,5.72988293870245,0,6.746050804096941,0
8.999678399999985,178.99519820518748,178.99519820518748,5.644362783074189,0,6.829016657510954,0
9.099678399999984,185.76561825343413,185.76561825343413,5.563289420102392,0,6.9099659546226535,0
9.199678399999984,192.88860690834525,192.88860690834525,5.47417838286174,0,6.99266870234412,0
9.299678399999983,199.88529237983207,199.88529237983207,5.395653978772132,0,7.071666218737797,0
9.399678399999983,207.21079350404335,207.21079350404335,5.307361456294648,0,7.152193163625743,0
9.4588584,211.3329244639382,211.3329244639382,5.265686056195843,0,7.1966040042685275,0
