1.025
0.985
draft,vol,Mass,lcg,tcg,vcg,FSM
0.001,0.04973838287649429,0.050981842448406645,140.45158704512406,-3.3041668369253947,0.0005000311859087966,186.32756
0.101,9.634921554316383,9.875794593174293,137.80932584662278,-3.230834810948115,0.057888289347083656,571.57264
0.201,22.955921862875005,23.52981990944688,137.51854659978548,-3.541163567039632,0.11209765474707017,622.95567
0.30100000000000005,36.767101773858855,37.68627931820532,137.47924495669704,-3.6575295453853744,0.16438597821054468,676.2455000000001
0.401,51.06846128726794,52.34517281944963,137.48852048851467,-3.7363218901729107,0.2167258956174699,731.82188
0.501,65.85775855562098,67.5042025195115,137.51405493300402,-3.8021026513277043,0.26939618340812205,790.04039
0.601,81.10601586034366,83.13366625685225,137.5416184234582,-3.8622546099200066,0.3223850774947418,851.3119
0.701,96.80434886425367,99.22445758586001,137.5686092932361,-3.919554656986571,0.3757138501680374,915.83533
0.8009999999999999,112.95275756735099,115.77657650653475,137.59494364678903,-3.9752983214203446,0.4294002310012727,983.7026999999999
0.9009999999999999,129.55124196963558,132.79002301887647,137.6205925204363,-4.030176631479203,0.4834457786479699,1055.00738
1.001,146.5997949700763,150.2647898443282,137.64555217053183,-4.084587681715892,0.5378447170116505,1129.0224
1.101,163.97474552853268,168.07411416674597,137.67679552157492,-4.140137783662052,0.5922102483937496,1128.9440600000003
1.201,179.5609031045267,184.04992568213984,137.7890568659126,-4.194248242278006,0.6406109029402767,878.2628699999996
1.3010000000000002,190.69363098550517,195.46097176014277,137.83898402194316,-4.270809936990119,0.6760972606385482,503.98046999999997
1.4010000000000002,197.42746332724457,202.36314991042568,137.9491907468071,-4.349181282281199,0.6990945110278974,508.97049000000004
1.5010000000000003,203.9601560912831,209.05915999356515,138.0611137501195,-4.42130208085168,0.723172552947799,518.26561
1.6010000000000004,210.41713641082046,215.67756482109095,138.17361464863797,-4.488990422645318,0.7485768833315245,532.1094600000001
1.7010000000000005,216.92339027383773,222.34647503068365,138.28259805126856,-4.554870630366268,0.7756450432078139,544.2637900000001
1.8010000000000006,223.4735458919735,229.0603845392728,138.38687585802035,-4.618931793113675,0.8042350278169038,557.2452200000001
1.9010000000000007,230.06912003186204,235.82084803265857,138.48670714593442,-4.6813441690579145,0.8342451155148835,570.4696500000001
2.001000000000001,236.71011269350322,242.6278655108408,138.58240613675895,-4.7422284776271395,0.8655776994759339,583.93712
2.101000000000001,243.39652387689716,249.48143697381957,138.67425750236498,-4.8016940189977495,0.8981443084344041,597.65159
2.201000000000001,250.12835358204373,256.3815624215948,138.76251977063308,-4.859839991551238,0.9318645545705866,611.533
2.301000000000001,256.8881455111107,263.3103491488884,138.84756411559914,-4.9163695684363615,0.9665762049307124,617.6757500000001
2.401000000000001,263.6092037821885,270.19943387674317,138.93022833912536,-4.969996707688896,1.0018717968280897,618.1472299999999
2.5010000000000012,270.2567067170524,277.0131243849787,139.01043238100056,-5.020415864933514,1.0375136079659952,618.26946
2.6010000000000013,276.8265145620797,283.74717742613166,139.08833281200612,-5.067817322331382,1.0734302067426003,618.31079
2.7010000000000014,283.3133627963173,290.3961968662252,139.16404924713842,-5.1123555030741565,1.1095481311897286,617.8875
2.8010000000000015,289.7067781049775,296.9494475576019,139.2375791623064,-5.154108413085108,1.1457698897241009,617.23667
2.9010000000000016,296.00355642794244,303.40364533864096,139.30900958624235,-5.1932489071944445,1.1820419121238344,616.5117799999999
3.0010000000000017,302.20850879465365,309.76372151451994,139.37832825727102,-5.2300269672587,1.2183597932876222,616.6031800000001
3.1010000000000018,308.38076012282954,316.0902791259003,139.4458802075397,-5.2650632704847435,1.2550406780458105,618.02576
3.201000000000002,314.5679474347189,322.4321461205869,139.51190165961756,-5.298823618627219,1.292332230769456,619.9172800000001
3.301000000000002,320.7803242183512,328.79983232380994,139.57577675545002,-5.331596188466321,1.330265592016062,623.3455100000001
3.401000000000002,327.02795015736405,335.2036489112981,139.63739093273102,-5.363563925260504,1.3688711192808205,626.79673
3.501000000000002,333.3108252517578,341.6435958830517,139.69685178045657,-5.394764901734588,1.4081199178191477,630.2699700000001
3.601000000000002,339.6289495015323,348.1196732390706,139.75426028962863,-5.425234858731164,1.4479848244309608,633.7672
3.7010000000000023,345.98232290668744,354.6318809793546,139.8097113494465,-5.455007380526717,1.48844027791478,637.28742
3.8010000000000024,352.3709126526596,361.1801854689761,139.86329314368967,-5.4841139566705,1.5294619900793704,640.81651
3.9010000000000025,358.7922282982642,367.7620340057208,139.91508350615166,-5.512558595743851,1.5710112780792576,643.0574799999999
4.001000000000002,365.23448494454135,374.36534706815485,139.9652552509075,-5.540210759302268,1.6129915634980092,644.30526
4.101000000000002,371.6947128969039,380.9870807193265,140.01388623452422,-5.56707196224313,1.6553656932985557,645.52641
4.201000000000001,378.1713962040104,387.62568110911064,140.06107162896018,-5.593158098112331,1.698107039275755,646.26837
4.301000000000001,384.6626152752035,394.27918065708354,140.10689614755373,-5.6184810078331795,1.7411876825805899,647.1046
4.401000000000001,391.16835678799976,400.9475657076997,140.15140207267814,-5.6430807904486855,1.78459319396851,647.8639499999999
4.501,397.6845362357706,407.62664964166487,140.19459815453084,-5.666956703142848,1.828283273616265,648.55895
4.601,404.2107757590736,414.3160451530504,140.2365401275888,-5.6901390871567985,1.8722434706473243,649.25394
4.701,410.74707535790884,421.01575224185655,140.27728468860346,-5.712659621224898,1.9164625780048266,649.94795
4.800999999999999,417.29343503227614,427.725770908083,140.3168851579717,-5.734548096537191,1.9609300528103244,650.64296
4.900999999999999,423.8498547821757,434.4461011517301,140.3553917274178,-5.755832555210036,2.0056359676537934,651.33895
5.000999999999999,430.4163346076075,441.1767429727976,140.39285168618844,-5.776539416743387,2.0505709661095297,652.03395
5.100999999999998,436.99287450857156,447.9176963712858,140.42930962790217,-5.796693593663259,2.0957262220563115,652.7289599999999
5.200999999999998,443.57947448506786,454.6689613471945,140.4648076399585,-5.816318597413391,2.1410934024275785,653.4249599999999
5.3009999999999975,450.17613453709623,461.4305379005236,140.49938547719688,-5.835436635441881,2.186664633058904,654.12096
5.400999999999997,456.7828546646569,468.20242603127326,140.53308072131333,-5.854068700325386,2.2324324673363796,654.81697
5.500999999999997,463.39963486774957,474.9846257394433,140.56592892737936,-5.87223465168244,2.278389857381555,655.51397
5.600999999999996,470.02647514637476,481.7771370250341,140.5979637586635,-5.889953291547484,2.3245301275366548,656.21097
5.700999999999996,476.66337550053197,488.5799598880452,140.62921711083186,-5.90724243380669,2.3708469499386804,656.90797
5.800999999999996,483.3103359302214,495.3930943284769,140.65971922648998,-5.924118968234271,2.417334321992851,657.60497
5.900999999999995,489.96735643544304,502.21654034632905,140.68949880093172,-5.940598919612883,2.4639865455753087,658.30176
6.000999999999995,496.6341996517964,509.05005464309124,140.71858112970236,-5.956695932841633,2.5107965551896347,658.97776
6.100999999999995,503.31060197811763,515.8933670275705,140.74699009504664,-5.972422828354489,2.5577574220568313,659.65377
6.200999999999994,509.99656323561607,522.7464773165065,140.77475054325478,-5.98779350653355,2.604864328366672,660.3307699999999
6.300999999999994,516.6920834242915,529.6093855098987,140.80188610890755,-6.002821189476429,2.652112690478277,661.0077699999999
6.400999999999994,523.397162544144,536.4820916077475,140.82841928654844,-6.017518460778027,2.6994981436262564,661.6847799999999
6.500999999999993,530.1118005951735,543.3645956100528,140.85437149862338,-6.031897303584188,2.747016528885353,662.3627799999999
6.600999999999993,536.8359975773799,550.2568975168143,140.87976315861866,-6.045969135956001,2.7946638810562656,663.0407899999999
6.7009999999999925,543.5697534907636,557.1589973280326,140.9046137297887,-6.059744843763917,2.8424364173976078,663.7197899999999
6.800999999999992,550.3131042366437,564.0709318425597,140.92894244989247,-6.073234869285735,2.890330781584018,664.3988
6.900999999999992,557.0665804741545,570.9932449860083,140.95277677450397,-6.086449967568563,2.938347252573368,665.07881
7.0009999999999915,563.8303586229591,577.9261175885331,140.97613638393346,-6.099399847912994,2.986483679436461,665.75981
7.100999999999991,570.6044386830574,584.8695496501338,140.99903689435573,-6.112093513314243,3.0347368000639166,666.4408099999999
7.200999999999991,577.3888206544498,591.8235411708109,141.0214932387983,-6.124539572015294,3.0831034928252303,667.12182
7.30099999999999,584.1835045371355,598.7880921505638,141.04351970411665,-6.136746258876229,3.1315807689744495,667.80383
7.40099999999999,590.9884903311151,605.763202589393,141.0651299655925,-6.14872145537039,3.180165765543751,668.4868299999999
7.50099999999999,597.8037780363887,612.7488724872984,141.08633711933365,-6.160472708309287,3.2288557386888175,669.1698399999999
7.600999999999989,604.6293676529558,619.7451018442797,141.10715371263498,-6.172007247389518,3.2776480574527724,669.85385
7.700999999999989,611.4652591808168,626.7518906603372,141.1275917724492,-6.183332001647241,3.326540197918323,670.5388499999999
7.800999999999989,618.3114526199714,633.7692389354706,141.14766283210346,-6.194453614898792,3.3755297377201905,671.2238699999999
7.900999999999988,625.16794797042,640.7971466696804,141.16737795638682,-6.205378460239531,3.424614350892175,671.9108699999999
8.000999999999989,632.034745232162,647.8356138629659,141.18674776512256,-6.216112653667302,3.4737918030253296,672.5978799999999
8.100999999999988,638.911844405198,654.884640515328,141.20578245533147,-6.226662066891478,3.5230599467154704,673.2858899999999
8.200999999999988,645.7992454895278,661.944226626766,141.22449182208385,-6.237032339383963,3.572416717280143,673.9748999999999
8.300999999999988,652.6969484851512,669.01437219728,141.24288527812882,-6.247228889723827,3.6218601287265284,674.66491
8.400999999999987,659.6049533920684,676.0950772268701,141.26097187238489,-6.25725692628352,3.6713882699533538,675.35592
8.500999999999987,666.5232602102794,683.1863417155364,141.27876030736712,-6.26712145730075,3.7209993011710947,676.04792
8.600999999999987,673.4518689397842,690.2881656632787,141.29625895562256,-6.276827300376907,3.770691450525978,676.7399499999999
8.700999999999986,680.3907795805827,697.4005490700972,141.3134758752379,-6.286379091439679,3.8204630109143496,677.43495
8.800999999999986,687.3399921326749,704.5234919359917,141.33041882448154,-6.295781293204875,3.870312336975034,678.12996
8.900999999999986,694.2995065960608,711.6569942609623,141.34709527563396,-6.305038203169756,3.9202378422481603,678.8259799999998
9.000999999999985,701.2693229707406,718.8010560450091,141.36351242806046,-6.314153961167856,3.970237996489817,679.5239799999999
9.100999999999985,708.2494412567141,725.9556772881319,141.3796772205726,-6.323132556513123,4.020311323132635,680.222
9.200999999999985,715.2398614539816,733.120857990331,141.39559634312377,-6.331977834759179,4.070456396883159,680.9220199999999
9.300999999999984,722.2405835625424,740.2965981516058,141.4112762478807,-6.340693504097697,4.12067184144745,681.6240199999999
9.400999999999984,729.2516075823974,747.4828977719573,141.4267231597085,-6.34928314141811,4.170956327377022,682.3260399999998
9.500999999999983,736.2729335135459,754.6797568513845,141.4419430861062,-6.357750198049479,4.221308570027761,683.0301299999999
9.600999999999983,743.3047157153312,761.8873336082145,141.4569435176863,-6.366098303385816,4.271728433041004,683.7433899999999
9.700999999999983,750.3527118929552,769.111529690279,141.47179236998292,-6.374341790811573,4.322255664140685,684.4824699999999
9.800999999999982,757.419840601702,776.3553366167446,141.48652418494206,-6.382489386931183,4.372908937701198,685.2295499999998
9.900999999999982,764.5061018415721,783.6187543876114,141.50114110222353,-6.390544078079276,4.42368596054967,685.9846699999998
10.000999999999982,771.6120769458555,790.9023788695018,141.51565249629118,-6.39850975111231,4.474588645207069,686.7517599999999
10.100999999999981,778.7384957199209,798.2069581129189,141.53006921608358,-6.406390459218696,4.525619913305646,687.5278699999999
10.200999999999981,785.8853604609762,805.5324944725006,141.54439274025725,-6.414188922765958,4.5767775032066815,688.3149799999999
10.30099999999998,793.0526711690214,812.878987948247,141.55862448056527,-6.4219077731304335,4.628059199268819,689.1130999999998
10.40099999999998,800.2404278440565,820.2464385401579,141.57276581232605,-6.429549559756388,4.679462846089272,689.9234099999998
10.50099999999998,807.4486810231313,827.6348980487095,141.58681820460143,-6.437116947728438,4.730986706850941,690.7648599999998
10.60099999999998,814.6781501538245,835.0451039076701,141.6007847641035,-6.44461506680343,4.782633833000553,691.6509999999998
10.70099999999998,821.9290691982766,842.4772959282334,141.61466725253538,-6.45204702995354,4.834403782919587,692.5511299999998
10.800999999999979,829.2014381564873,849.9314741103993,141.62846679802232,-6.459414973173487,4.886294490577191,693.4642699999998
10.900999999999978,836.4952570284565,857.4076384541679,141.64218450227753,-6.466720968137247,4.938303943104391,694.3914199999997
11.000999999999978,843.8105258141844,864.905788959539,141.6558214414604,-6.473967024443151,4.9904301790149,695.3335599999997
11.100999999999978,851.1472445136712,872.4259256265129,141.66937866700022,-6.481155091767208,5.04267128649784,696.2898399999998
11.200999999999977,858.5054142150727,879.9680495704495,141.68285720959213,-6.488287062083066,5.095025409517993,697.2775099999997
11.300999999999977,865.9034119503616,887.5509972491205,141.69629914535352,-6.495371029666095,5.147620659626171,698.6320599999996
11.400999999999977,873.3774061520576,895.2118413058589,141.70967721430628,-6.502454293632914,5.200707331740602,700.3661099999989
11.500999999999976,880.9534652085543,902.9773018387681,141.72273213807534,-6.509624669686706,5.254460025030484,704.8761099999989
11.600999999999976,888.6540239625259,910.870374561589,141.7352004676969,-6.516960316830832,5.3090233452294235,709.285679999999
11.700999999999976,896.4791465036674,918.891125166259,141.74709114187476,-6.5244491936221545,5.364381891718485,713.552399999999
11.800999999999975,904.4288328319784,927.0395536527778,141.75841424126043,-6.532079272595079,5.4205196958750905,717.691239999999
11.900999999999975,912.5030829474592,935.3156600211456,141.76917996283865,-6.539838826480102,5.4774207029402096,721.714209999999
12.000999999999975,920.7018968501097,943.7194442713624,141.77939860111042,-6.547716431109891,5.535068797457872,725.634309999999
12.100999999999974,929.0252745399304,952.2509064034285,141.78908053005134,-6.555700967565332,5.593447827520388,729.4645199999991
12.200999999999974,937.4732160169206,960.9100464173434,141.7982361858533,-6.563781623601498,5.652541627823664,733.215839999999
12.300999999999974,946.0457212810807,969.6968643131075,141.8068760504458,-6.57194789439317,5.71233404154103,736.8992699999991
12.400999999999973,954.7427903324103,978.6113600907205,141.81501063579694,-6.580189582639487,5.772808941027717,740.5258099999991
12.500999999999973,963.5644231709098,987.6535337501824,141.82265046898812,-6.588496798066658,5.833950247371604,744.1021499999991
12.600999999999972,972.5098614965517,996.8226080339654,141.82981686152178,-6.596855412283673,5.895736744239581,747.2167499999993
12.700999999999972,981.5780548354602,1006.1175062063467,141.8365348530985,-6.605250066319745,5.958145490909456,750.2916099999991
12.800999999999972,990.7689964714543,1015.5382213832406,141.84281435271635,-6.613672092182785,6.021160938970187,753.3525599999991
12.900999999999971,1000.0826864045347,1025.084753564648,141.84866513763515,-6.622113157436746,6.084767705765083,756.4085999999992
13.000999999999971,1009.5191246347009,1034.7571027505683,141.8540969394444,-6.630565221224994,6.14895054117639,759.4687099999991
13.10099999999997,1019.0783111619533,1044.555268941002,141.8591194344284,-6.639020530631355,6.213694339937507,762.5399099999992
13.20099999999997,1028.7602459862912,1054.4792521359484,141.8637422345573,-6.6474716167247845,6.278984153012775,765.6311799999991
13.30099999999997,1038.5649291077152,1064.529052335408,141.86797487908638,-6.6559112903176,6.344805198075855,768.749549999999
13.40099999999997,1048.4923605262254,1074.704669539381,141.87182682674586,-6.664332637465976,6.411142869118485,771.9051071428562
13.50099999999997,1058.542540241821,1085.0061037478663,141.8753074485018,-6.672729014740235,6.4779827452218965,775.101479999999
13.600999999999969,1068.7154682545029,1095.4333549608652,141.87842602086909,-6.681094044290957,6.545310598523495,778.2259300000028
13.700999999999969,1079.0111445642708,1105.9864231783774,141.88119171975728,-6.68942160873608,6.61311240141161,659.3228571462593
13.7120376,1080.107965650543,1107.1106647918066,141.8819401860531,-6.690213533240404,6.620315449314489,0
