1.025
0.985
draft,vol,Mass,lcg,tcg,vcg,FSM
0.001,0.22841482385386586,0.2341251944502125,104.72521121550133,5.5220113773257875,0.0005000113402484678,71.672625
0.101,23.226868229128367,23.807539934856575,104.72332690452276,5.5632460715321415,0.050614900077364466,2939.26822
0.201,46.53615533715123,47.69955922058001,104.72146789154701,5.604666476406856,0.10095200634128534,3059.52283
0.30100000000000005,70.15627614792241,71.91018305162046,104.71963367051004,5.646268876972493,0.1515068848672024,3183.03886
0.401,94.08723066144195,96.43941142797799,104.71782374875602,5.688049656681722,0.20227520816972958,3309.8582699999997
0.501,118.32901815965035,121.28724361364159,104.7160377043429,5.730005251876903,0.253252761166664,3439.78162
0.601,142.86310196199443,146.43467951104427,104.71518562446367,5.77123254720554,0.30440041010589536,3549.24538
0.701,167.61365147474126,171.80399276160978,104.71662720533351,5.808983830218131,0.3555900747361402,3629.15637
0.8009999999999999,192.54383500353484,197.3574308786232,104.71937287673782,5.843303713743262,0.4067946168893699,3706.38707
0.9009999999999999,217.65095974440484,223.09223373801495,104.72291297234882,5.875287880416289,0.4580426502551267,3782.80867
1.001,242.90857047464377,248.98128473650985,104.72644759522328,5.90491410797426,0.5093046888315456,3840.79841
1.101,268.2862941610733,274.9934515151001,104.72927069349399,5.932067789706017,0.5605481413264072,3891.07501
1.201,293.76349443230947,301.10758179311716,104.73160873692878,5.956888402354415,0.6117589133159812,3934.97979
1.3010000000000002,319.33610409746643,327.31950669990306,104.73359442032206,5.979838559201243,0.6629521785315992,3979.1886099999997
1.4010000000000002,345.0004116003262,353.6254218903343,104.73538823135429,6.001252551672978,0.7141374500545754,4016.3692400000004
1.5010000000000003,370.7322588968631,380.00056536928463,104.73753626982466,6.020976938395669,0.7652831506781351,4045.59604
1.6010000000000004,396.527287549688,406.4404697384302,104.7400541286793,6.039259786613764,0.8163971995442614,4075.1028499999998
1.7010000000000005,422.38549755880103,432.94513499777105,104.74287292338596,6.056364321005391,0.8674923747442014,4063.6779399999773
1.8010000000000006,443.67109314723405,454.76287047591484,104.74536999602495,6.080275101483547,0.9094678857278609,13.384
1.9010000000000007,447.51016095068303,458.69791497445004,104.74583859704818,6.132645784711645,0.9175450333352732,13.384
2.001000000000001,451.3492287541321,462.63295947298536,104.7462992264566,6.184125563110323,0.9263353523079867,13.384
2.101000000000001,455.18829655758117,466.5680039715207,104.74675208594847,6.234736978410594,0.9358207979384756,13.384
2.201000000000001,459.02736436103015,470.5030484700559,104.74719737047458,6.284501818233882,0.9459839291856711,13.384
2.301000000000001,462.8664321644792,474.43809296859115,104.7476352685178,6.333441147365388,0.9568078836405636,13.384
2.401000000000001,466.7054999679283,478.37313746712647,104.74806596235929,6.381575337483939,0.9682763537273862,13.384
2.5010000000000012,470.54456777137733,482.30818196566173,104.74848962833151,6.428924095436508,0.9803735640698155,13.384
2.6010000000000013,474.3836355748264,486.24322646419705,104.74890643705878,6.4755064901397645,0.9930842499561848,13.384
2.7010000000000014,478.22270337827536,490.1782709627322,104.74931655368654,6.5213409781859415,1.0063936368419635,13.384
2.8010000000000015,482.0617711817244,494.11331546126746,104.74972013809938,6.566445428225101,1.020287420831666,13.384
2.9010000000000016,485.9008389851735,498.0483599598028,104.75011734512901,6.610837144191608,1.0347517500860322,13.384
3.0010000000000017,489.73990678862253,501.98340445833804,104.7505083247522,6.654532887438124,1.0497732071036963,13.384
3.1010000000000018,493.5789745920716,505.9184489568733,104.75089322227973,6.69754889783669,1.0653387918297423,13.384
3.201000000000002,497.41804239552056,509.8534934554085,104.75127217853618,6.739900913902605,1.0814359055464626,13.384
3.301000000000002,501.2571101989696,513.7885379539438,104.75164533003205,6.781604191993611,1.098052335504393,13.384
3.401000000000002,505.09617800241875,517.7235824524791,104.75201280912745,6.822673524633471,1.1151762402542311,13.384
3.501000000000002,508.93524580586774,521.6586269510144,104.75237474418881,6.86312325800625,1.1327961356426355,13.384
3.601000000000002,512.7743136093168,525.5936714495497,104.75273125973833,6.902967308664712,1.1509008814371056,13.384
3.7010000000000023,516.6133814127659,529.5287159480849,104.75308247659669,6.942219179493747,1.1694796685472237,13.384
3.8010000000000024,520.4524492162149,533.4637604466202,104.75342851201982,6.980891974967287,1.1885220068114686,13.384
3.9010000000000025,524.291517019664,537.3988049451555,104.75376947982917,7.018998415734892,1.2080177133205972,13.384
4.001000000000002,528.1305848231128,541.3338494436906,104.75410549053676,7.0565508525721885,1.2279569012503198,13.384
4.101000000000002,531.969652626562,545.268893942226,104.75443665146432,7.093561279727195,1.2483299691774983,13.384
4.201000000000001,535.808720430011,549.2039384407612,104.75476306685786,7.130041347692944,1.2691275908556674,13.384
4.301000000000001,539.64778823346,553.1389829392965,104.75508483799695,7.166002375434871,1.2903407054269562,13.384
4.401000000000001,543.486856036909,557.0740274378317,104.75540206329941,7.2014553621000035,1.3119605080488703,13.384
4.501,547.3259238403581,561.009071936367,104.75571483842185,7.2364109982333416,1.3339784409155384,13.384
4.601,551.1649916438071,564.9441164349022,104.75602325635576,7.270879676525516,1.3563861846542122,13.384
4.701,555.004059447256,568.8791609334374,104.75632740751956,7.304871502114339,1.3791756500788237,13.384
4.800999999999999,558.8431272507052,572.8142054319727,104.75662737984716,7.338396302461785,1.402338970283459,13.384
4.900999999999999,562.6821950541541,576.749249930508,104.75692325887266,7.371463636826614,1.4258684930594914,13.384
5.000999999999999,566.5212628576031,580.6842944290431,104.75721512781168,7.404082805351855,1.4497567736210288,13.384
5.100999999999998,570.3603306610522,584.6193389275785,104.75750306763923,7.436262857785294,1.4739965676241582,13.384
5.200999999999998,574.1993984645012,588.5543834261136,104.75778715716488,7.468012601850098,1.498580824466213,13.384
5.3009999999999975,578.0384662679502,592.4894279246489,104.75806747310446,7.499340611281937,1.5235026808520806,13.384
5.400999999999997,581.8775340713993,596.4244724231842,104.75834409014924,7.5302552335478685,1.548755454615168,13.384
5.500999999999997,585.7166018748484,600.3595169217195,104.75861708103214,7.560764597261744,1.5743326387813983,13.384
5.600999999999996,589.5556696782974,604.2945614202547,104.75888651659177,7.59087661930981,1.6002278958651117,13.384
5.700999999999996,593.3947374817463,608.22960591879,104.7591524658334,7.620599011699782,1.626435052386403,13.384
5.800999999999996,597.2338052851953,612.1646504173251,104.75941499598801,7.649939288145687,1.6529480935998948,13.384
5.900999999999995,601.0728730886444,616.0996949158605,104.75967417256898,7.678904770400437,1.6797611584255503,13.384
6.000999999999995,604.9119408920935,620.0347394143959,104.75993005942661,7.707502594347197,1.7068685345724754,13.384
6.100999999999995,608.7510086955426,623.9697839129311,104.76018271880051,7.735739715860306,1.7342646538472675,13.384
6.200999999999994,612.5900764989915,627.9048284114663,104.76043221137002,7.763622916445794,1.7619440876387449,13.384
6.300999999999994,616.4291443024405,631.8398729100014,104.76067859630291,7.791158808671145,1.7899015425714309,13.384
6.400999999999994,620.2682121058896,635.7749174085368,104.7609219313021,7.818353841393396,1.8181318563204205,13.384
6.500999999999993,624.1072799093387,639.709961907072,104.76116227265067,7.845214304794318,1.846629993580746,13.384
6.600999999999993,627.9463477127877,643.6450064056073,104.76139967525545,7.871746335230859,1.8753910421845617,13.384
6.7009999999999925,631.7854155162368,647.5800509041426,104.7616341926885,7.897955919908731,1.9044102093599087,13.384
6.800999999999992,635.6244833196857,651.5150954026778,104.76186587722778,7.9238489013867035,1.933682818125065,13.384
6.900999999999992,639.4635511231347,655.450139901213,104.76209477989573,7.949430981918545,1.9632043038127567,13.384
7.0009999999999915,643.3026189265837,659.3851843997483,104.76232095049689,7.974707727639604,1.9929702107188492,13.384
7.100999999999991,647.1416867300328,663.3202288982835,104.76254443765394,7.999684572604261,2.0229761888702997,13.384
7.200999999999991,650.9807545334818,667.2552733968188,104.76276528884262,8.024366822680616,2.0532179909075,13.384
7.30099999999999,654.8198223369309,671.190317895354,104.7629835504252,8.0487596593081,2.083691469076256,13.384
7.40099999999999,658.65889014038,675.1253623938894,104.76319926768316,8.072868143123731,2.1143925723249986,13.384
7.50099999999999,662.4979579438289,679.0604068924246,104.76341248484839,8.096697217462259,2.145317343502891,13.384
7.600999999999989,666.3370257472778,682.9954513909597,104.76362324513329,8.120251711735314,2.176461916654815,13.384
7.700999999999989,670.1760935507269,686.9304958894951,104.76383159076025,8.143536344694416,2.2078225144093127,13.384
7.800999999999989,674.015161354176,690.8655403880304,104.76403756298954,8.166555727582503,2.2393954454558185,13.384
7.900999999999988,677.854229157625,694.8005848865656,104.76424120214689,8.189314367178307,2.27117710210759,13.384
8.000999999999989,681.6932969610741,698.7356293851009,104.76444254764947,8.211816668737887,2.3031639579470076,13.384
8.100999999999988,685.5323647645232,702.6706738836363,104.7646416380316,8.234066938837362,2.335352565549989,13.384
8.200999999999988,689.3714325679721,706.6057183821713,104.76483851096916,8.256069388120599,2.367739554286438,13.384
8.300999999999988,693.2105003714213,710.5407628807068,104.76503320330337,8.277828133955618,2.4003216281937765,13.384
8.400999999999987,697.0495681748703,714.4758073792419,104.76522575106394,8.299347203003233,2.433095563920755,13.384
8.500999999999987,700.888635978319,718.410851877777,104.7654161894911,8.32063053370128,2.4660582087388403,13.384
8.600999999999987,704.7277037817682,722.3458963763123,104.76560455305717,8.34168197866758,2.499206478618584,13.384
8.700999999999986,708.5667715852173,726.2809408748477,104.76579087548748,8.362505307024906,2.53253735636856,13.384
8.800999999999986,712.4058393886662,730.2159853733828,104.76597518978026,8.383104206650636,2.5660478898344317,13.384
8.900999999999986,716.2449071921154,734.1510298719182,104.76615752822637,8.403482286354167,2.5997351901559744,13.384
9.000999999999985,720.0839749955644,738.0860743704535,104.76633792242794,8.423643077984636,2.6335964300798334,13.384
9.100999999999985,723.9230427990133,742.0211188689885,104.76651640331686,8.44359003847156,2.667628842325977,13.384
9.200999999999985,727.7621106024625,745.956163367524,104.76669300117217,8.46332655180091,2.7018297180058495,13.384
9.300999999999984,731.6011784059114,749.8912078660591,104.76686774563758,8.482855930928974,2.736196405090324,13.384
9.400999999999984,735.4402462093605,753.8262523645944,104.76704066573762,8.502181419636246,2.7707263069256487,13.384
9.500999999999983,739.2793140128094,757.7612968631296,104.767211789894,8.521306194323598,2.8054168807956286,13.384
9.600999999999983,743.1183818162584,761.6963413616648,104.76738114594117,8.540233365752714,2.8402656365283714,13.384
9.700999999999983,746.9574496197075,765.6313858602001,104.76754876114126,8.558965980732912,2.8752701351460095,13.384
9.800999999999982,750.7965174231564,769.5664303587353,104.7677146621988,8.577507023756198,2.9104279875558365,13.384
9.900999999999982,754.6355852266056,773.5014748572706,104.76787887527496,8.595859418582377,2.945736853281394,13.384
10.000999999999982,758.4746530300546,777.4365193558059,104.76804142600125,8.614026029776065,2.981194439232113,13.384
10.100999999999981,762.3137208335033,781.3715638543408,104.76820233949279,8.632009664197273,3.0167984985101155,13.384
10.200999999999981,766.1527886369528,785.3066083528765,104.76836164036128,8.649813072447085,3.052546829252879,13.384
10.30099999999998,769.9918564404016,789.2416528514116,104.76851935272772,8.667438950270235,3.088437273510572,13.384
10.40099999999998,773.8309242438506,793.1766973499468,104.76867550023431,8.684889939915777,3.124467716156735,13.384
10.50099999999998,777.6699920472997,797.1117418484821,104.76883010605646,8.70216863145757,3.160636083831288,13.384
10.60099999999998,781.5090598507487,801.0467863470174,104.76898319291415,8.719277564075776,3.196940343914659,13.384
10.70099999999998,785.3481276541978,804.9818308455527,104.76913478308317,8.736219227300825,3.233378503532027,13.384
10.800999999999979,789.1871954576467,808.9168753440878,104.76928489840584,8.752996062221019,3.269948608586597,13.384
10.900999999999978,793.0262632610958,812.8519198426231,104.76943356030148,8.76961046265506,3.3066487428209737,13.384
11.000999999999978,796.8653310645448,816.7869643411583,104.76958078977665,8.786064776290758,3.343477026905668,13.384
11.100999999999978,800.7043988679937,820.7220088396936,104.76972660743506,8.8023613057909,3.380431617553832,13.384
11.200999999999977,804.543466671443,824.6570533382289,104.76987103348719,8.818502309867489,3.417510706661309,13.384
11.300999999999977,808.3825344748919,828.5920978367642,104.77001408775955,8.834490004325367,3.45471252047122,13.384
11.400999999999977,812.2216022783409,832.5271423352993,104.77015578970381,8.850326563076255,3.492035318762231,13.384
11.500999999999976,816.0606700817901,836.4621868338348,104.77029615840557,8.866014119124166,3.5294773940597266,13.384
11.600999999999976,819.8997378852389,840.3972313323698,104.77043521259307,8.881554765523118,3.567037070869154,13.384
11.700999999999976,823.7388056886881,844.3322758309052,104.77057297064529,8.896950556308068,3.6047127049307957,13.384
11.800999999999975,827.5778734921371,848.2673203294404,104.77070945060028,8.912203507399985,3.642502682495302,13.384
11.900999999999975,831.416941295586,852.2023648279755,104.77084467016283,8.927315597485729,3.6804054196192517,13.384
12.000999999999975,835.256009099035,856.1374093265108,104.77097864671235,8.942288768873835,3.7184193614802283,13.384
12.100999999999974,839.0950769024842,860.0724538250462,104.77111139731005,8.957124928326648,3.756542981710575,13.384
12.200999999999974,842.9341447059331,864.0074983235814,104.77124293870641,8.971825947869801,3.7947747817494695,13.384
12.300999999999974,846.7732125093821,867.9425428221166,104.77137328734813,8.986393665579655,3.833113290212545,13.384
12.400999999999973,850.6122803128312,871.877587320652,104.77150245938499,9.000829886349427,3.871557062278642,13.384
12.500999999999973,854.4513481162803,875.8126318191872,104.7716304706765,9.015136382634635,3.9101046790930454,13.384
12.600999999999972,858.2904159197291,879.7476763177223,104.77175733679849,9.029314895178558,3.948754747186743,13.384
12.700999999999972,862.1294837231783,883.6827208162576,104.77188307304924,9.043367133718316,3.987505897911242,13.384
12.800999999999972,865.9685515266274,887.617765314793,104.77200769445582,9.057294777672166,4.0263567868883685,13.384
12.900999999999971,869.8076193300764,891.5528098133282,104.77213121577999,9.071099476808586,4.065306093474667,13.384
13.000999999999971,873.6466871335252,895.4878543118633,104.77225365152408,9.084782851897712,4.104352520239894,13.384
13.10099999999997,877.4857549369744,899.4228988103987,104.7723750159365,9.098346495345721,4.143494792459257,13.384
13.20099999999997,881.3248227404233,903.3579433089338,104.77249532301751,9.111791971812584,4.18273165761885,13.384
13.30099999999997,885.1638905438724,907.2929878074691,104.77261458652448,9.125120818813746,4.222061884934019,13.384
13.40099999999997,889.0029583473214,911.2280323060044,104.77273281997707,9.138334547306249,4.261484264880184,13.384
13.50099999999997,892.8420261507705,915.1630768045396,104.77285003666245,9.1514346422597,4.300997608735738,13.384
13.600999999999969,896.6810939542196,919.098121303075,104.77296624964025,9.164422563212618,4.34060074813676,13.384
13.700999999999969,900.5201617576685,923.03316580161,104.77308147174743,9.177299744814478,4.380292534643036,13.384
13.800999999999968,904.3592295611177,926.9682103001455,104.77319571560287,9.190067597354009,4.420071839315193,12.268666666702824
13.812012,904.7819877076346,927.4015374003254,104.77320823687772,9.19146697056436,4.424457637841348,0
