1.025
0.985
draft,vol,Mass,lcg,tcg,vcg,FSM
1.6810576,0.1509592576374512,0.15473323907838746,86.0047559056702,-5.624934131349867,1.6805297690296732,0
1.7810576,17.85583677131077,18.302232690593538,86.78789367900491,-5.347636815157861,1.730616933978136,0
1.8810576,35.65889597879869,36.55036837826865,86.78754938430733,-5.366342879315741,1.78079177462438,0
1.9810576000000002,53.585351105947616,54.9249848835963,86.78720747605541,-5.3850922706288795,1.8310809267798378,0
2.0810576000000003,71.63511766413183,73.42599560573511,86.78686934225458,-5.403878002510468,1.8814829740854864,0
2.1810576000000004,89.79528140112791,92.04016343615609,86.78670958212479,-5.421903843901259,1.9319662222547276,0
2.2810576000000005,108.0545519372478,110.75591573567898,86.78689948122096,-5.4389836119813255,1.9825148021428047,0
2.3810576000000006,126.40314712287035,129.5632258009421,86.787810811757,-5.455096289551695,2.033114068426974,0
2.4810576000000006,144.8097946290933,148.43003949482062,86.78895718933852,-5.469384817445875,2.0836990284267607,0
2.5810576000000007,163.26340483657015,167.3449899574844,86.78985120160216,-5.48207749460065,2.1342662211598427,0
2.681057600000001,181.76397774530085,186.30807718893337,86.7905690198449,-5.493658056872199,2.184833537052238,0
2.781057600000001,200.31151335528548,205.3193011891676,86.79115895850848,-5.504433321882141,2.2354122653773945,0
2.881057600000001,218.90601166652402,224.3786619581871,86.79165314296827,-5.514607290927857,2.2860098594784377,0
2.981057600000001,237.54747267901638,243.48615949599176,86.79207376617538,-5.524320884798437,2.336631419566435,0
3.081057600000001,256.23589639276275,262.6417938025818,86.79243665185673,-5.533674573593139,2.387280537181914,0
3.1810576000000013,274.971282807763,281.84556487795703,86.7927533864723,-5.542741916740101,2.4379598004564613,0
3.2810576000000014,293.75363192401704,301.09747272211746,86.79303264855314,-5.551578005597059,2.4886711091563205,0
3.3810576000000014,312.582943741525,320.3975173350631,86.79328106713011,-5.560224915315644,2.5394158781220644,0
3.4810576000000015,331.4438049033411,339.7299000259246,86.79350296107503,-5.568443619338395,2.590155000085242,0
3.5810576000000016,350.3055063377621,359.0631439962061,86.79370100354372,-5.575791286728702,2.640816561336328,0
3.6810576000000017,369.1672014674752,378.39638150416204,86.79387880890995,-5.582388032274483,2.6914105048107757,0
3.781057600000002,388.0288902924803,397.72961254979225,86.79403932829814,-5.588343360970219,2.741946690222021,0
3.881057600000002,406.8905728127775,417.06283713309693,86.7941849656255,-5.593746473033822,2.7924331490629766,0
3.981057600000002,425.75224902836686,436.396055254076,86.79431769881433,-5.598670761633933,2.842876489576621,0
4.081057600000002,444.61391893924815,455.7292669127293,86.79443917015142,-5.6031771657817,2.8932821986468165,0
4.181057600000002,463.47558254542145,475.06247210905696,86.79455075458364,-5.607316704520951,2.943654869974098,0
4.281057600000001,482.3372398468869,494.39567084305907,86.79465361198932,-5.61113241652334,2.9939983787147635,0
4.381057600000001,501.19889084364445,513.7288631147355,86.79474872764695,-5.614660861724133,3.044316016686566,0
4.481057600000001,520.0605355356939,533.0620489240862,86.7948369438975,-5.617933296187024,3.094610598152292,0
4.5810576,538.9221739230356,552.3952282711115,86.79491898515745,-5.62097660025457,3.1448845433894426,0
4.6810576,557.7838060056694,571.7284011558111,86.79499547785753,-5.623814018383546,3.1951399453042257,0
4.7810576,576.6454317835951,591.061567578185,86.79506696646767,-5.6264657537829255,3.2453786229721238,0
4.881057599999999,595.5070512568128,610.394727538233,86.79513392647713,-5.628949450046747,3.2956021650036087,0
4.981057599999999,614.3686644253227,629.7278810359556,86.79519677498311,-5.631280584067373,3.345811964921633,0
5.0810575999999985,633.2302712891246,649.0610280713527,86.79525587938748,-5.633472788727751,3.396009250216502,0
5.181057599999998,652.091871848219,668.3941686444243,86.79531156458374,-5.635538119590518,3.4461951063582705,0
5.281057599999998,670.9534661026049,687.72730275517,86.79536411893213,-5.63748727660453,3.496370496758974,0
5.381057599999997,689.8150540522831,707.0604304035902,86.7954137992541,-5.639329789438411,3.5465362794598536,0
5.481057599999997,708.6766356972532,726.3935515896845,86.79546083502957,-5.641074173217851,3.596693221153782,0
5.581057599999997,727.5382110375156,745.7266663134534,86.79550543194108,-5.6427280600375616,3.6468420090264595,0
5.681057599999996,746.3997800730701,765.0597745748968,86.79554777488049,-5.644298310533239,3.6969832608022393,0
5.781057599999996,765.2613428039165,784.3928763740143,86.79558803051137,-5.6457911089538,3.7471175333043267,0
5.881057599999996,784.1228992300549,803.7259717108062,86.79562634946119,-5.647212044512076,3.797245329779506,0
5.981057599999995,802.9844493514858,823.0590605852728,86.7956628682048,-5.648566181270273,3.847367106190559,0
6.081057599999995,821.8459931682082,842.3921429974133,86.79569771068847,-5.649858118401977,3.897483276642193,0
6.181057599999995,840.7075306802229,861.7252189472284,86.79573098973528,-5.651092042342147,3.947594218076557,0
6.281057599999994,859.5690618875299,881.0582884347181,86.79576280826547,-5.652271772071105,3.997700274350587,0
6.381057599999994,878.4305867901286,900.3913514598818,86.79579326035974,-5.653400798564461,4.047801759788017,0
6.4810575999999935,897.2921053880195,919.7244080227199,86.79582243218826,-5.654482319267488,4.0978989622834225,0
6.581057599999993,916.1536176812026,939.0574581232325,86.79585040282484,-5.65551926831096,4.147992146022817,0
6.681057599999993,935.0151236696777,958.3905017614195,86.79587724496291,-5.656514343069806,4.198081553874976,0
6.7810575999999925,953.876623353445,977.723538937281,86.79590302554618,-5.657470027570779,4.248167409499025,0
6.881057599999992,972.7381167325041,997.0565696508165,86.79592780632615,-5.658388613176864,4.298249919206856,0
6.981057599999992,991.5996038068554,1016.3895939020267,86.79595164435591,-5.659272216910969,4.348329273612959,0
7.081057599999991,1010.4610845764987,1035.722611690911,86.79597459242862,-5.660122797727418,4.398405649099496,0
7.181057599999991,1029.322559041434,1055.0556230174698,86.79599669946793,-5.660942170994467,4.448479209120299,0
7.281057599999991,1048.1840272016616,1074.388627881703,86.79601801087593,-5.66173202141314,4.4985501053640515,0
7.38105759999999,1067.0454890571812,1093.7216262836107,86.79603856884464,-5.662493914565951,4.548618478794144,0
7.48105759999999,1085.9069446079927,1113.0546182231924,86.79605841263451,-5.663229307262026,4.598684460580117,0
7.58105759999999,1104.7683938540968,1132.387603700449,86.79607757882496,-5.663939556822502,4.648748172933723,0
7.681057599999989,1123.629836795492,1151.7205827153794,86.79609610153922,-5.664625929430725,4.698809729860764,0
7.781057599999989,1142.4912734321804,1171.0535552679848,86.79611401264712,-5.665289607655306,4.748869237838456,0
7.881057599999989,1161.3527037641602,1190.3865213582642,86.79613134194811,-5.665931697240104,4.798926796426802,0
7.981057599999988,1180.214127791432,1209.7194809862176,86.79614811733668,-5.6665532332430955,4.848982498821322,0
8.081057599999989,1199.0755455139965,1229.0524341518462,86.79616436495215,-5.667155185595858,4.899036432353619,0
8.181057599999988,1217.9369569318524,1248.3853808551485,86.79618010931466,-5.667738464146507,4.949088678945453,0
8.281057599999988,1236.7983620450009,1267.7183210961257,86.79619537344855,-5.668303923241123,4.999139315521232,0
8.381057599999988,1255.659760853441,1287.0512548747768,86.79621017899477,-5.668852365892357,5.049188414383359,0
8.481057599999987,1274.5211533571733,1306.3841821911026,86.79622454631318,-5.66938454757779,5.099236043554232,0
8.581057599999987,1293.3825395561978,1325.7171030451027,86.79623849457599,-5.669901179706032,5.149282267088323,0
8.681057599999987,1312.2439194505139,1345.0500174367767,86.7962520418532,-5.670402932783832,5.1993271453573495,0
8.781057599999986,1331.105293040123,1364.3829253661258,86.7962652051905,-5.670890439313954,5.249370735311177,0
8.881057599999986,1349.9666603250234,1383.7158268331489,86.79627800068103,-5.671364296450126,5.299413090716901,0
8.981057599999986,1368.8280213052165,1403.0487218378466,86.79629044353085,-5.671825068432467,5.349454262378092,0
9.081057599999985,1387.6893759807008,1422.3816103802183,86.79630254811933,-5.672273288824308,5.3994942983362275,0
9.181057599999985,1406.5507243514778,1441.7144924602646,86.79631432805455,-5.672709462569046,5.449533244055869,0
9.281057599999984,1425.4120664175466,1461.047368077985,86.7963257962243,-5.673134067883696,5.499571142595169,0
9.381057599999984,1444.2734021789074,1480.38023723338,86.79633696484314,-5.673547558004051,5.549608034762993,0
9.481057599999984,1463.1347316355607,1499.7130999264496,86.79634784549575,-5.673950362794884,5.5996439592639025,0
9.581057599999983,1481.996054787506,1519.0459561571934,86.79635844917712,-5.6743428902371775,5.649678952832075,0
9.681057599999983,1500.857371634743,1538.3788059256115,86.79636878632952,-5.674725527803208,5.699713050355097,0
9.781057599999983,1519.7186821772723,1557.7116492317039,86.79637886687675,-5.675098643729239,5.749746284988569,0
9.881057599999982,1538.5799864150933,1577.0444860754706,86.7963887002561,-5.675462588194606,5.799778688262262,0
9.981057599999982,1557.4412843482069,1596.3773164569118,86.79639829544756,-5.675817694415098,5.8498102901785725,0
10.081057599999982,1576.3025759766122,1615.7101403760273,86.7964076610014,-5.676164279657884,5.8998411193038915,0
10.181057599999981,1595.16386130031,1635.0429578328176,86.79641680506349,-5.676502646184394,5.949871202853519,0
10.281057599999981,1614.0251403192995,1654.3757688272817,86.79642573539888,-5.676833082127122,5.999900566770594,0
10.38105759999998,1632.8864130335814,1673.7085733594208,86.79643445941387,-5.677155862305631,6.049929235799575,0
10.48105759999998,1651.747679443155,1693.0413714292338,86.7964429841765,-5.677471248986675,6.099957233554682,0
10.58105759999998,1670.6089395480208,1712.374163036721,86.79645131643554,-5.677779492592812,6.149984582583691,0
10.68105759999998,1689.4701933481788,1731.706948181883,86.79645946263844,-5.678080832363559,6.200011304427474,0
10.78105759999998,1708.3314408436288,1751.0397268647193,86.79646742894786,-5.67837549697275,6.250037419675572,0
10.881057599999979,1727.1926820343704,1770.3724990852295,86.79647522125734,-5.678663705105438,6.300062948018158,0
10.981057599999978,1746.0539169204046,1789.7052648434146,86.79648284520565,-5.6789456659974,6.350087908294594,0
11.081057599999978,1764.9151455017309,1809.038024139274,86.79649030619065,-5.679221579940073,6.400112318538904,0
11.181057599999978,1783.7763677783491,1828.3707769728078,86.79649760938176,-5.679491638753419,6.4501361960223536,0
11.281057599999977,1802.6375837502594,1847.7035233440158,86.79650475973216,-5.679756026229135,6.5001595572933475,0
11.381057599999977,1821.498793417462,1867.0362632528984,86.79651176198979,-5.680014918546307,6.550182418214863,0
11.481057599999977,1840.3334362044984,1886.3417721096107,86.7965182364917,-5.680186072550604,6.600134740519782,0
11.581057599999976,1859.0884386718417,1905.5656496386375,86.79652343971728,-5.680110314299441,6.649878901426812,0
11.681057599999976,1877.7623256825439,1924.7063838246072,86.7965273895143,-5.679792651133393,6.69941514515847,0
11.781057599999976,1896.3550972366054,1943.7639746675204,86.79653012341807,-5.679242285393665,6.748747415722545,0
11.881057599999975,1914.8667533340251,1962.7384221673756,86.79653167719395,-5.6784680020892075,6.797879451769345,0
11.981057599999975,1933.2972939748042,1981.6297263241743,86.79653208493723,-5.677478192650332,6.8468147980350365,0
12.081057599999975,1951.6467191589413,2000.4378871379147,86.79653137916677,-5.67628087708217,6.895556816011485,0
12.181057599999974,1969.9150288864384,2019.1629046085993,86.7965295909119,-5.674883724642354,6.944108693902573,0
12.281057599999974,1988.1022231572936,2037.8047787362257,86.79652674979408,-5.673294073156445,6.992473455921922,0
12.381057599999973,2006.207505561619,2056.362693200659,86.79652336260277,-5.671516859135277,7.0406518595454655,0
12.481057599999973,2024.2277515495216,2074.8334453382595,86.79652015761454,-5.66955083902301,7.0886384184127715,0
12.581057599999973,2042.1624066940458,2093.216466861397,86.79651643397335,-5.667401502924747,7.136434420139535,0
12.681057599999972,2060.0112590572785,2111.51154053371,86.79651298708212,-5.665074995034961,7.184041926147852,0
12.781057599999972,2077.7734716149575,2129.717808405331,86.79651287265317,-5.662575675117355,7.231461219007532,0
12.881057599999972,2095.4489585936176,2147.8351825584577,86.79651631718772,-5.659909588389235,7.278694471718802,0
12.981057599999971,2113.0377199932577,2165.863662993089,86.79652323179809,-5.657082746824433,7.325743960118193,0
13.081057599999971,2130.539755813879,2183.803249709226,86.7965335313866,-5.654100924116876,7.372611839822126,0
13.18105759999997,2147.95522661669,2201.6541072821074,86.79654650681154,-5.650970038340473,7.41930058064968,0
13.28105759999997,2165.2844324040298,2219.4165432141303,86.79656093171786,-5.6476960887688525,7.465812906258761,0
13.38105759999997,2182.5281383208803,2237.091341778902,86.7965763274178,-5.6442858188842395,7.512152680726428,0
13.48105759999997,2199.691364509323,2254.683648622056,86.79658991703958,-5.640754782202025,7.5583349963736195,0
13.58105759999997,2216.775031272862,2272.1944070546833,86.79660124269724,-5.637109113570962,7.604363726486853,0
13.681057599999969,2233.7791386114977,2289.623617076785,86.79661035754445,-5.633352773669455,7.650240189721621,0
13.781057599999968,2250.7036865252294,2306.97127868836,86.79661731265601,-5.629489579731406,7.69596563249574,0
13.881057599999968,2267.548675014058,2324.2373918894095,86.7966221571235,-5.625523212263902,7.741541232135144,0
13.981057599999968,2284.314104077983,2341.421956679932,86.79662493814604,-5.6214572213941505,7.786968099843477,0
14.000073600000002,2287.49321509142,2344.6805454687055,86.79662523726435,-5.620673044175553,7.795589730039617,0
