1.025
0.985
draft,vol,Mass,lcg,tcg,vcg,FSM
0.001,0.11269392811123154,0.11551127631401231,73.22602899203608,-6.018575467672835,0.0005000082926471231,27.82140476190476
0.101,11.438719316546951,11.724687299460625,73.22683605318964,-6.046009768444318,0.0505841744757693,1189.20044
0.201,22.876888422433296,23.448810632994128,73.22763516226769,-6.07353447580851,0.10083173013132195,1224.75147
0.30100000000000005,34.42720095062469,35.287880974390305,73.22842643124467,-6.101148210913555,0.15124027097137946,1260.98877
0.401,46.087057212800524,47.239233643120535,73.229177265276,-6.1285235483674905,0.2017981059691396,1296.262
0.501,57.85310046080218,59.29942797232223,73.2298055315031,-6.1555113033647055,0.2524952353279602,1331.16062
0.601,69.72164506569983,71.46468619234233,73.23009718918799,-6.182020329655034,0.30332117036673595,1365.81078
0.701,81.67911517873286,83.72109305820118,73.23025923337137,-6.207285958076995,0.35422656717282136,1389.34602
0.8009999999999999,93.69450178773423,96.03686433242757,73.22997337207595,-6.229790736889512,0.40511375796428545,1408.65601
0.9009999999999999,105.76574884833428,108.40989256954263,73.2293656372309,-6.250353358461842,0.45600807337477695,1428.79663
1.001,117.89980315138126,120.84729823016579,73.22875765659056,-6.269932222277658,0.5069566461226857,1452.8653599999998
1.101,130.10222993492158,133.3547856832946,73.22824699126619,-6.28906794685444,0.5579874348630537,1477.50415
1.201,142.3730828424773,145.9324099135392,73.22780957407576,-6.307881324680239,0.6091020137675479,1502.4194100000002
1.3010000000000002,154.71230898932419,158.58011671405728,73.22742678846228,-6.326451500271199,0.6603008634636133,1527.34768
1.4010000000000002,167.11697608882045,171.29490049104095,73.22699623679205,-6.34472468149045,0.7115728787469234,1551.01825
1.5010000000000003,179.5853988862979,184.07503385845533,73.22647973879076,-6.362705971831549,0.7629134739755237,1574.88047
1.6010000000000004,192.1108677570032,196.91363945092826,73.22594808646818,-6.380233351423945,0.8142979809768799,1592.5072100000002
1.7010000000000005,204.67792423324772,209.7948723390789,73.22547622567853,-6.396909118811844,0.8656724633577976,1592.0388099999911
1.8010000000000006,215.1888333548373,220.56855418870822,73.2250387718906,-6.422733873095373,0.9085328071866775,14.65197
1.9010000000000007,217.8080715786801,223.2532733681471,73.22457515575606,-6.484832692289188,0.9198661585297488,14.54898
2.001000000000001,220.42122633334,225.9317569916735,73.22413296058345,-6.545825312481311,0.9320903061301135,14.44699
2.101000000000001,223.02829761881696,228.60400505928737,73.22371139723928,-6.6057532909762156,0.945169483389221,14.345989999999999
2.201000000000001,225.62928543511094,231.2700175709887,73.22330971644293,-6.664656089883451,0.9590697170428243,14.245
2.301000000000001,228.224189782222,233.92979452677753,73.22292720629076,-6.722571206306617,0.9737587156762838,14.145
2.401000000000001,230.8130106601501,236.58333592665383,73.22256318996247,-6.7795342929427695,0.9892057664514019,14.044179999999997
2.5010000000000012,233.3946338653886,239.2294997120233,73.22219230513562,-6.835548854205942,1.0053745757437489,13.860639999999997
2.6010000000000013,235.96128166701442,241.86031370868974,73.22165414888161,-6.890440230987094,1.0221863292513633,13.521799999999994
2.7010000000000014,238.4973316696684,244.4597649614101,73.22093763764491,-6.943843486163546,1.0395048479062814,12.901739999999991
2.8010000000000015,240.99244878722854,247.01726000690923,73.2201454771949,-6.9955551449977555,1.0572234011244523,12.27578999999999
2.9010000000000016,243.44622844965406,249.5323841608954,73.21928826766293,-7.04563469091085,1.075302068479804,11.654679999999988
3.0010000000000017,245.85552567450426,252.00191381636685,73.21844050095297,-7.094069036446505,1.0936817107903813,11.023539999999992
3.1010000000000018,248.22340876149647,254.42899398053387,73.2177235634844,-7.140958311275492,1.1123518816621154,10.478199999999992
3.201000000000002,250.5527295101375,256.8165477478909,73.21716841186696,-7.186408809869106,1.1313034115556309,9.999849999999995
3.301000000000002,252.85371893152637,259.1750619048145,73.21678862588237,-7.230626803228778,1.1505920433966452,9.684969999999995
3.401000000000002,255.13105245734053,261.509328768774,73.21659019332523,-7.273723746860771,1.1702324032403995,9.382069999999993
3.501000000000002,257.3847330016589,263.81935132670037,73.21656825236016,-7.315738184639165,1.1902022145716873,9.089429999999995
3.601000000000002,259.61513638010126,266.1055147896038,73.21671428495532,-7.356713314448831,1.2104835650391468,8.833389999999998
3.7010000000000023,261.82890039645855,268.37462290637,73.21689385140044,-7.39677685225352,1.2311177063022207,8.672399999999996
3.8010000000000024,264.0291107116914,270.6298384794836,73.21704517034944,-7.436000157094331,1.25211598961012,8.512429999999995
3.9010000000000025,266.21576732579956,272.8711615089445,73.21716896529097,-7.474409181252341,1.2734624110493686,8.355449999999996
4.001000000000002,268.38887023878306,275.0985919947526,73.21726592772279,-7.512028781890538,1.2951415953668324,8.200469999999997
4.101000000000002,270.54841945064203,277.31212993690804,73.21733671879093,-7.548882777761944,1.3171387628620086,8.047479999999997
4.201000000000001,272.69441496137637,279.51177533541073,73.21738197082769,-7.584994002423735,1.3394396983112886,7.895509999999998
4.301000000000001,274.8268567709862,281.6975281902608,73.21740228879557,-7.620384354205714,1.3620307217795133,7.746529999999998
4.401000000000001,276.9457448794714,283.86938850145816,73.21739825164366,-7.65507484316176,1.384898661185825,7.599399999999999
4.501,279.0504412413142,286.02670227234705,73.21736906048875,-7.68907303265107,1.4080238274226153,7.439499999999999
4.601,281.14027025494136,288.1687770113149,73.21731512206162,-7.722385059667057,1.4313864057339576,7.28997
4.701,283.21774401454223,290.29818761490577,73.21728000511402,-7.75506086468322,1.4550027764026852,7.18775
4.800999999999999,285.2896449755624,292.42188609995145,73.21729334325723,-7.787198505991576,1.4789397058713085,7.163060000000001
4.900999999999999,287.3609620756571,294.5449861275485,73.21731708967208,-7.818869531213407,1.5032457578188305,7.1690499999999995
5.000999999999999,289.43279783032096,296.668617776079,73.21733114683184,-7.850096787251963,1.5279257004096973,7.17406
5.100999999999998,291.50518922537043,298.7928189560047,73.21733505928346,-7.880890244554256,1.5529722337538086,7.18009
5.200999999999998,293.5783766722175,300.9178360890229,73.21732476934127,-7.9112632311171245,1.5783807569485035,7.18908
5.3009999999999975,295.6524034888804,303.0437135761024,73.21729981143376,-7.941225121976117,1.6041445177106113,7.19709
5.400999999999997,297.7272696753592,305.17045141724316,73.21726049231177,-7.9707842633125345,1.6302564380229507,7.2060900000000006
5.500999999999997,299.8029752316539,307.2980496124452,73.21720711047739,-7.999948777072117,1.6567096299213735,7.2150799999999995
5.600999999999996,301.8795201577643,309.4265081617084,73.21713995645901,-8.028726568445236,1.6834973891549578,7.22309
5.700999999999996,303.95690445369064,311.5558270650329,73.21705931307561,-8.057125333049655,1.710613189098304,7.2320899999999995
5.800999999999996,306.0351281194329,313.6860063224187,73.2169654556905,-8.085152563829517,1.7380506749043112,7.241079999999999
5.900999999999995,308.114191154991,315.8170459338657,73.2168586524552,-8.112815557683662,1.7658036578864462,7.249009999999999
6.000999999999995,310.1937058950983,317.9485485424757,73.2167456842181,-8.140115097099352,1.7938608922829034,7.25
6.100999999999995,312.27322127040753,320.0800518021677,73.21663420994388,-8.16705105621157,1.822210381212224,7.25
6.200999999999994,314.3527366457169,322.21155506185977,73.21652421052534,-8.19363064024195,1.8508463163238478,7.25
6.300999999999994,316.4322520210262,324.34305832155184,73.21641565688536,-8.219860875220162,1.8797630502550047,7.25
6.400999999999994,318.5117673963355,326.47456158124385,73.21630852070615,-8.245748603688291,1.9089550831260411,7.25
6.500999999999993,320.59128277164484,328.6060648409359,73.21620277440458,-8.271300490651834,1.9384170577571862,7.25
6.600999999999993,322.67079814695416,330.737568100628,73.21609839110867,-8.296523029300541,1.9681437550702645,7.25
6.7009999999999925,324.75031352226347,332.86907136032005,73.21599534463469,-8.32142254650945,1.9981300896670644,7.25
6.800999999999992,326.8298288975727,335.000574620012,73.2158936094653,-8.346005208129942,2.0283711055765408,7.25
6.900999999999992,328.9093442728822,337.13207787970424,73.21579316072847,-8.370277024080057,2.0588619721633026,7.25
7.0009999999999915,330.9888596481914,339.26358113939614,73.21569397417728,-8.39424385324296,2.0895979801903857,7.25
7.100999999999991,333.06837502350083,341.3950843990883,73.21559602617033,-8.417911408181828,2.120574538029467,7.25
7.200999999999991,335.14789039881003,343.5265876587803,73.215499293653,-8.44128525967932,2.1517871680122123,7.25
7.30099999999999,337.22740577411935,345.6580909184723,73.21540375413926,-8.464370841108972,2.1832315029165805,7.25
7.40099999999999,339.3069211494288,347.78959417816446,73.2153093856944,-8.48717345264595,2.2149032825823767,7.25
7.50099999999999,341.38643652473803,349.9210974378565,73.21521616691814,-8.509698265323832,2.246798350650458,7.25
7.600999999999989,343.46595190004734,352.0526006975485,73.21512407692846,-8.531950324944068,2.278912651420433,7.25
7.700999999999989,345.5454672753566,354.1841039572405,73.21503309534603,-8.55393455584423,2.3112422268217876,7.25
7.800999999999989,347.62498265066586,356.31560721693245,73.21494320227913,-8.575655764531081,2.3437832134937686,7.25
7.900999999999988,349.70449802597534,358.4471104766247,73.21485437830921,-8.597118643183912,2.376531839969401,7.25
8.000999999999989,351.7840134012846,360.5786137363167,73.21476660447695,-8.618327773033752,2.4094844239594315,7.25
8.100999999999988,353.86352877659397,362.71011699600876,73.21467986226855,-8.639287627623307,2.442637369732008,7.25
8.200999999999988,355.9430441519032,364.8416202557008,73.21459413360296,-8.660002575952728,2.475987165584229,7.25
8.300999999999988,358.0225595272124,366.97312351539273,73.21450940081918,-8.680476885515658,2.5095303814017895,7.25
8.400999999999987,360.1020749025219,369.1046267750849,73.21442564666415,-8.700714725230155,2.5432636663032024,7.25
8.500999999999987,362.18159027783116,371.2361300347769,73.21434285428116,-8.720720168268636,2.5771837463651743,7.25
8.600999999999987,364.2611056531404,373.3676332944689,73.21426100719826,-8.740497194790809,2.6112874224258698,7.25
8.700999999999986,366.3406210284498,375.499136554161,73.21418008931764,-8.760049694583655,2.6455715679630343,7.25
8.800999999999986,368.42013640375905,377.630639813853,73.21410008490486,-8.779381469611872,2.6800331270439344,7.25
8.900999999999986,370.4996517790685,379.76214307354513,73.21402097857879,-8.79849623648254,2.7146691123443714,7.25
9.000999999999985,372.5791671543777,381.89364633323714,73.21394275530166,-8.81739762882716,2.749476603234012,7.25
9.100999999999985,374.658682529687,384.02514959292915,73.21386540036961,-8.836089199604436,2.784452743925503,7.25
9.200999999999985,376.73819790499635,386.1566528526212,73.21378889940337,-8.854574423326712,2.819594741684855,7.25
9.300999999999984,378.8177132803056,388.28815611231323,73.21371323833944,-8.872856698213184,2.854899865100811,7.25
9.400999999999984,380.89722865561504,390.41965937200536,73.21363840342141,-8.890939348272473,2.8903654424108645,7.25
9.500999999999983,382.97674403092435,392.5511626316974,73.2135643811917,-8.908825625317423,2.9259888598818513,7.25
9.600999999999983,385.0562594062336,394.68266589138943,73.21349115848342,-8.926518710914555,2.961767560242975,7.25
9.700999999999983,387.1357747815429,396.81416915108144,73.2134187224126,-8.94402171827076,2.9976990411693807,7.25
9.800999999999982,389.2152901568522,398.94567241077345,73.21334706037057,-8.96133769405944,3.0337808538143065,7.25
9.900999999999982,391.29480553216143,401.0771756704654,73.21327616001675,-8.978469620188468,3.0700106013880486,7.25
10.000999999999982,393.37432090747086,403.2086789301576,73.21320600927146,-8.995420415512045,3.1063859377820044,7.25
10.100999999999981,395.4538362827802,405.34018218984966,73.21313659630913,-9.012192937488575,3.1429045662361377,7.25
10.200999999999981,397.53335165808954,407.4716854495417,73.21306790955167,-9.028789983786455,3.1795642380482265,7.25
10.30099999999998,399.6128670333988,409.60318870923373,73.21299993766192,-9.0452142938398,3.2163627513234827,7.25
10.40099999999998,401.692382408708,411.7346919689257,73.2129326695375,-9.061468550355759,3.253297949762925,7.25
10.50099999999998,403.7718977840174,413.8661952286178,73.2128660943048,-9.077555380775323,3.290367721489263,7.25
10.60099999999998,405.8514131593267,415.9976984883098,73.21280020131302,-9.093477358689201,3.327569997908839,7.25
10.70099999999998,407.9309285346361,418.129201748002,73.21273498012853,-9.109237005210378,3.3649027526084043,7.25
10.800999999999979,410.01044390994537,420.26070500769396,73.21267042052943,-9.124836790304922,3.402364000285438,7.25
10.900999999999978,412.0899592852546,422.39220826738597,73.21260651250007,-9.140279134082471,3.4399517957108725,7.25
11.000999999999978,414.16947466056394,424.523711527078,73.21254324622605,-9.15556640804786,3.477664232723059,7.25
11.100999999999978,416.24899003587325,426.65521478677005,73.212480612089,-9.170700936315287,3.515499443251921,7.25
11.200999999999977,418.3285054111825,428.78671804646206,73.21241860066183,-9.185684996786117,3.553455596372144,7.25
11.300999999999977,420.40802078649193,430.9182213061542,73.21235720270403,-9.2005208222919,3.5915308973845383,7.25
11.400999999999977,422.4875361618012,433.0497245658462,73.21229640915692,-9.215210601703514,3.629723586924489,7.25
11.500999999999976,424.5670515371106,435.1812278255383,73.2122362111394,-9.22975648100778,3.6680319400966184,7.25
11.600999999999976,426.6465669124198,437.31273108523027,73.21217659994345,-9.244160564352558,3.7064542656347648,7.25
11.700999999999976,428.72608228772907,439.4442343449223,73.21211756702998,-9.25842491506141,3.7449889050863767,7.25
11.800999999999975,430.8055976630385,441.5757376046144,73.21205910402486,-9.27255155661895,3.783634232020577,7.25
11.900999999999975,432.88511303834775,443.7072408643064,73.21200120271484,-9.286542473627703,3.822388651258987,7.25
12.000999999999975,434.9646284136571,445.83874412399854,73.21194385504367,-9.300399612737602,3.8612505981287137,7.25
12.100999999999974,437.0441437889664,447.9702473836905,73.21188705310855,-9.314124883548857,3.9002185377365373,7.25
12.200999999999974,439.12365916427564,450.1017506433825,73.21183078915624,-9.327720159489255,3.9392909642638383,7.25
12.300999999999974,441.2031745395851,452.2332539030747,73.21177505557975,-9.34118727866658,3.97846640028137,7.25
12.400999999999973,443.2826899148943,454.36475716276664,73.21171984491492,-9.354528044697142,4.017743396083421,7.25
12.500999999999973,445.3622052902037,456.49626042245876,73.21166514983682,-9.36774422751095,4.0571205290405095,7.25
12.600999999999972,447.44172066551295,458.6277636821507,73.21161096315679,-9.380837564134536,4.096596402970219,7.25
12.700999999999972,449.5212360408222,460.7592669418427,73.2115572778192,-9.393809759452036,4.136169647525474,7.25
12.800999999999972,451.6007514161317,462.89077020153496,73.2115040868983,-9.406662486945228,4.175838917599703,7.25
12.900999999999971,453.6802667914409,465.02227346122686,73.2114513835955,-9.419397389413215,4.215602892748378,7.25
13.000999999999971,455.7597821667502,467.1537767209189,73.21139916123605,-9.432016079672387,4.255460276626351,7.25
13.10099999999997,457.8392975420595,469.28527998061094,73.21134741326664,-9.444520141237382,4.295409796440601,7.25
13.20099999999997,459.91881291736877,471.41678324030295,73.21129613325242,-9.456911128983489,4.335450202417749,7.25
13.30099999999997,461.99832829267825,473.5482864999952,73.21124531487439,-9.469190569791191,4.375580267285998,7.25
13.40099999999997,464.07784366798745,475.6797897596871,73.21119495192688,-9.481359963173418,4.4157987857709875,7.25
13.50099999999997,466.15735904329676,477.81129301937915,73.21114503831484,-9.493420781885925,4.456104574105131,7.25
13.600999999999969,468.23687441860613,479.9427962790713,73.2110955680516,-9.505374472521506,4.4964964695500615,7.25
13.700999999999969,470.3163897939154,482.0742995387632,73.2110465352563,-9.517222456088366,4.536973329931721,7.25
13.800999999999968,472.3959051692248,484.2058027984554,73.21099793415164,-9.52896612857325,4.577534033187716,6.645833333352919
13.812012,472.62490140235445,484.4405239374133,73.21099260833935,-9.530253025154998,4.582005654995604,0
