1.025
0.985
draft,vol,Mass,lcg,tcg,vcg,FSM
1.5810832,0.026902296454491353,0.027574853865853635,34.7999304,-5.75706240000159,1.5805832000003397,0
1.6810832,2.717131941904441,2.7850602404520517,34.79993040000001,-5.7570624000000175,1.6305832000000022,0
1.7810832,5.407361587354391,5.54254562703825,34.79993040000001,-5.757062400000007,1.6805832000000027,0
1.8810832000000002,8.097591232804339,8.300031013624446,34.79993040000001,-5.757062400000007,1.7305832000000019,0
1.9810832000000003,10.78782087825429,11.057516400210647,34.79993040000001,-5.757062400000007,1.7805832000000015,0
2.0810832,13.47805052370424,13.815001786796845,34.7999304,-5.757062399999998,1.8305832,0
2.1810832,16.168280169154187,16.57248717338304,34.79993040000001,-5.757062400000001,1.8805832000000002,0
2.2810832000000003,18.85850981460414,19.329972559969242,34.7999304,-5.757062400000001,1.9305832,0
2.3810832000000004,21.548739460054087,22.087457946555435,34.7999304,-5.7570624,1.9805832,0
2.4810832000000005,24.23896910550404,24.84494333314164,34.7999304,-5.757062400000001,2.0305831999999997,0
2.5810832000000006,26.929198750953987,27.602428719727833,34.79993040000001,-5.757062400000001,2.0805832,0
2.6810832000000007,29.61942839640394,30.359914106314037,34.7999304,-5.7570624,2.1305832000000002,0
2.7810832000000008,32.309658041853886,33.11739949290023,34.7999304,-5.7570624000000015,2.180583200000001,0
2.881083200000001,34.99988768730384,35.87488487948643,34.7999304,-5.757062400000003,2.230583200000001,0
2.981083200000001,37.69011733275378,38.63237026607262,34.7999304,-5.757062400000001,2.2805832000000006,0
3.081083200000001,40.38034697820374,41.38985565265883,34.79993040000001,-5.7570624,2.3305832,0
3.181083200000001,43.07057662365368,44.14734103924502,34.79993040000001,-5.7570624,2.3805832000000002,0
3.281083200000001,45.76080626910364,46.904826425831224,34.7999304,-5.7570624,2.4305832000000005,0
3.3810832000000013,48.45103591455358,49.662311812417414,34.7999304,-5.757062400000001,2.4805832000000003,0
3.4810832000000014,51.14126556000354,52.419797199003625,34.7999304,-5.757062399999999,2.5305832,0
3.5810832000000015,53.83149520545348,55.17728258558981,34.79993040000001,-5.7570624000000015,2.5805832000000013,0
3.6810832000000016,56.52172485090343,57.93476797217601,34.79993040000001,-5.757062400000001,2.630583200000001,0
3.7810832000000016,59.21195449635337,60.6922533587622,34.79993040000001,-5.757062400000001,2.680583200000001,0
3.8810832000000017,61.90218414180334,63.44973874534842,34.79993040000001,-5.7570624,2.730583200000001,0
3.981083200000002,64.59241378725328,66.20722413193461,34.7999304,-5.757062400000001,2.7805832000000006,0
4.081083200000002,67.28264343270324,68.96470951852082,34.799930400000015,-5.7570624,2.830583200000001,0
4.1810832000000016,69.97287307815316,71.72219490510697,34.7999304,-5.7570624000000015,2.880583200000002,0
4.281083200000001,72.6631027236031,74.47968029169317,34.7999304,-5.7570624000000015,2.9305832000000014,0
4.381083200000001,75.35333236905305,77.23716567827937,34.79993040000001,-5.757062400000001,2.9805832000000008,0
4.4810832000000005,78.04356201450297,79.99465106486554,34.79993040000001,-5.7570624000000015,3.0305832000000015,0
4.5810832,80.73379165995291,82.75213645145173,34.79993040000001,-5.7570624000000015,3.080583200000001,0
4.6810832,83.42402130540286,85.50962183803793,34.79993040000001,-5.7570624000000015,3.1305832000000002,0
4.781083199999999,86.11425095085279,88.2671072246241,34.79993040000001,-5.757062399999999,3.1805831999999996,0
4.881083199999999,88.80448059630274,91.0245926112103,34.7999304,-5.757062400000001,3.2305832,0
4.981083199999999,91.49471024175267,93.78207799779648,34.79993040000001,-5.7570624,3.2805831999999993,0
5.081083199999998,94.18493988720259,96.53956338438265,34.79993040000001,-5.757062400000001,3.3305832000000004,0
5.181083199999998,96.87516953265254,99.29704877096884,34.79993040000001,-5.7570624000000015,3.3805832,0
5.281083199999998,99.56539917810247,102.05453415755503,34.79993040000001,-5.7570624000000015,3.4305831999999996,0
5.381083199999997,102.25562882355241,104.81201954414121,34.7999304,-5.757062400000001,3.4805832,0
5.481083199999997,104.94585846900236,107.5695049307274,34.7999304,-5.757062400000001,3.530583199999999,0
5.581083199999997,107.63608811445229,110.32699031731359,34.7999304,-5.7570624,3.5805831999999995,0
5.681083199999996,110.32631775990224,113.08447570389978,34.79993040000001,-5.757062400000001,3.630583199999999,0
5.781083199999996,113.01654740535218,115.84196109048598,34.79993040000001,-5.757062400000001,3.680583199999998,0
5.8810831999999955,115.70677705080212,118.59944647707216,34.79993040000001,-5.757062400000001,3.730583199999999,0
5.981083199999995,118.39700669625206,121.35693186365836,34.7999304,-5.757062399999999,3.7805831999999966,0
6.081083199999995,121.08723634170201,124.11441725024454,34.79993040000001,-5.757062399999999,3.8305831999999973,0
6.1810831999999944,123.77746598715194,126.87190263683073,34.7999304,-5.7570624000000015,3.8805831999999976,0
6.281083199999994,126.46769563260185,129.62938802341688,34.79993040000001,-5.757062400000002,3.9305831999999983,0
6.381083199999994,129.1579252780518,132.3868734100031,34.79993040000001,-5.757062400000001,3.980583199999997,0
6.481083199999993,131.84815492350174,135.14435879658927,34.7999304,-5.7570624000000015,4.030583199999998,0
6.581083199999993,134.53838456895167,137.90184418317546,34.7999304,-5.757062399999999,4.080583199999997,0
6.681083199999993,137.2286142144016,140.65932956976164,34.79993040000001,-5.757062400000003,4.130583199999998,0
6.781083199999992,139.91884385985156,143.41681495634785,34.7999304,-5.757062400000001,4.180583199999996,0
6.881083199999992,142.6090735053015,146.17430034293403,34.79993040000001,-5.7570624000000015,4.230583199999998,0
6.981083199999992,145.29930315075146,148.93178572952024,34.7999304,-5.757062400000001,4.280583199999995,0
7.081083199999991,147.98953279620136,151.68927111610637,34.79993040000001,-5.757062400000001,4.330583199999996,0
7.181083199999991,150.6797624416513,154.44675650269255,34.7999304,-5.7570624000000015,4.380583199999996,0
7.2810831999999905,153.36999208710122,157.20424188927873,34.79993040000001,-5.757062400000002,4.430583199999996,0
7.38108319999999,156.06022173255118,159.96172727586494,34.7999304,-5.757062400000001,4.480583199999995,0
7.48108319999999,158.75045137800112,162.71921266245113,34.79993040000001,-5.757062400000001,4.530583199999996,0
7.5810831999999895,161.44068102345108,165.47669804903734,34.7999304,-5.757062400000002,4.580583199999995,0
7.681083199999989,164.13091066890098,168.2341834356235,34.79993040000001,-5.7570624,4.630583199999994,0
7.781083199999989,166.82114031435094,170.9916688222097,34.7999304,-5.7570624,4.680583199999994,0
7.881083199999988,169.51136995980087,173.7491542087959,34.7999304,-5.757062400000001,4.730583199999994,0
7.981083199999988,172.20159960525083,176.5066395953821,34.79993040000001,-5.7570624,4.780583199999994,0
8.081083199999988,174.89182925070074,179.26412498196825,34.79993040000001,-5.7570624000000015,4.830583199999995,0
8.181083199999987,177.58205889615067,182.02161036855443,34.79993040000001,-5.7570624000000015,4.880583199999994,0
8.281083199999987,180.2722885416006,184.7790957551406,34.7999304,-5.7570624,4.930583199999994,0
8.381083199999987,182.96251818705053,187.53658114172677,34.7999304,-5.757062400000003,4.9805831999999945,0
8.481083199999986,185.6527478325005,190.29406652831298,34.7999304,-5.7570624,5.030583199999993,0
8.581083199999986,188.34297747795043,193.05155191489916,34.79993040000001,-5.757062400000001,5.080583199999993,0
8.681083199999986,191.0332071234004,195.80903730148538,34.7999304,-5.7570624,5.130583199999994,0
8.781083199999985,193.7234367688503,198.56652268807153,34.79993040000001,-5.757062400000001,5.180583199999994,0
8.881083199999985,196.41366641430025,201.32400807465774,34.7999304,-5.757062400000001,5.230583199999993,0
8.981083199999985,199.10389605975016,204.0814934612439,34.79993040000001,-5.7570624000000015,5.2805831999999935,0
9.081083199999984,201.79412570520012,206.8389788478301,34.7999304,-5.7570624000000015,5.330583199999992,0
9.181083199999984,204.48435535065005,209.5964642344163,34.79993040000001,-5.7570624000000015,5.380583199999993,0
9.281083199999983,207.1745849961,212.3539496210025,34.7999304,-5.7570624,5.430583199999991,0
9.381083199999983,209.8648146415499,215.11143500758865,34.79993040000001,-5.757062400000001,5.480583199999992,0
9.481083199999983,212.55504428699987,217.86892039417486,34.7999304,-5.757062400000001,5.530583199999992,0
9.581083199999982,215.2452739324498,220.62640578076102,34.79993040000001,-5.7570624000000015,5.5805831999999915,0
9.681083199999982,217.93550357789977,223.38389116734723,34.79993040000001,-5.7570624,5.630583199999991,0
9.781083199999982,220.6257332233497,226.1413765539334,34.7999304,-5.7570624000000015,5.680583199999991,0
9.881083199999981,223.31596286879963,228.8988619405196,34.7999304,-5.757062400000002,5.730583199999991,0
9.981083199999981,226.00619251424953,231.65634732710575,34.79993040000001,-5.757062400000001,5.780583199999992,0
10.08108319999998,228.6964221596995,234.41383271369196,34.79993040000001,-5.7570624000000015,5.83058319999999,0
10.18108319999998,231.38665180514943,237.17131810027814,34.7999304,-5.757062400000001,5.8805831999999905,0
10.28108319999998,234.0768814505994,239.92880348686435,34.7999304,-5.757062400000001,5.93058319999999,0
10.38108319999998,236.76711109604932,242.68628887345054,34.7999304,-5.7570624,5.98058319999999,0
10.48108319999998,239.45734074149925,245.44377426003672,34.79993040000001,-5.7570624,6.03058319999999,0
10.581083199999979,242.14757038694918,248.2012596466229,34.79993040000001,-5.7570624000000015,6.080583199999988,0
10.681083199999978,244.83780003239914,250.9587450332091,34.7999304,-5.7570624000000015,6.13058319999999,0
10.781083199999978,247.52802967784905,253.71623041979527,34.79993040000001,-5.7570624000000015,6.180583199999989,0
10.881083199999978,250.21825932329898,256.47371580638145,34.79993040000001,-5.757062400000001,6.23058319999999,0
10.981083199999977,252.90848896874894,259.23120119296766,34.7999304,-5.757062400000001,6.28058319999999,0
11.081083199999977,255.59871861419884,261.9886865795538,34.7999304,-5.757062400000002,6.330583199999991,0
11.181083199999977,258.2889482596488,264.74617196614,34.79993040000001,-5.7570624000000015,6.380583199999989,0
11.281083199999976,260.9791779050987,267.5036573527262,34.7999304,-5.757062400000002,6.430583199999988,0
11.381083199999976,263.6694075505486,270.2611427393123,34.79993040000001,-5.7570624000000015,6.480583199999989,0
11.481083199999976,266.35963719599863,273.01862812589854,34.7999304,-5.7570624000000015,6.530583199999988,0
11.581083199999975,269.04986684144853,275.7761135124847,34.7999304,-5.757062400000002,6.580583199999988,0
11.681083199999975,271.7400964868985,278.5335988990709,34.79993040000001,-5.757062400000001,6.630583199999986,0
11.781083199999975,274.4303261323484,281.29108428565706,34.79993040000001,-5.7570624000000015,6.680583199999987,0
11.881083199999974,277.1205557777984,284.04856967224333,34.7999304,-5.7570624,6.730583199999986,0
11.981083199999974,279.8107854232483,286.8060550588295,34.79993040000001,-5.7570624000000015,6.780583199999988,0
12.081083199999973,282.5010150686982,289.56354044541564,34.7999304,-5.7570624000000015,6.830583199999988,0
12.181083199999973,285.1912447141482,292.32102583200185,34.79993040000001,-5.7570624000000015,6.880583199999986,0
12.281083199999973,287.88147435959814,295.07851121858806,34.7999304,-5.757062399999999,6.930583199999985,0
12.381083199999972,290.5717040050481,297.8359966051743,34.7999304,-5.757062400000001,6.980583199999986,0
12.481083199999972,293.261933650498,300.5934819917604,34.79993040000001,-5.7570624,7.030583199999984,0
12.581083199999972,295.9521632959479,303.3509673783466,34.799930400000015,-5.7570624000000015,7.080583199999984,0
12.681083199999971,298.64239294139793,306.10845276493285,34.7999304,-5.7570624000000015,7.130583199999985,0
12.781083199999971,301.33262258684783,308.865938151519,34.7999304,-5.757062400000001,7.180583199999984,0
12.88108319999997,304.0228522322978,311.6234235381052,34.7999304,-5.757062400000001,7.230583199999985,0
12.98108319999997,306.7130818777477,314.38090892469137,34.7999304,-5.757062400000001,7.2805831999999855,0
13.08108319999997,309.40331152319754,317.13839431127747,34.79993040000001,-5.757062400000002,7.330583199999985,0
13.18108319999997,312.0935411686475,319.8958796978637,34.79993040000001,-5.757062400000002,7.380583199999986,0
13.28108319999997,314.7837708140974,322.65336508444983,34.79993040000001,-5.757062400000003,7.430583199999985,0
13.381083199999969,317.4740004595474,325.4108504710361,34.7999304,-5.757062400000001,7.480583199999983,0
13.481083199999969,320.16423010499733,328.16833585762225,34.79993040000001,-5.7570624000000015,7.530583199999985,0
13.581083199999968,322.8544597504473,330.92582124420846,34.79993040000001,-5.7570624000000015,7.580583199999984,0
13.681083199999968,325.5446893958972,333.6833066307946,34.79993040000001,-5.757062400000002,7.630583199999986,0
13.781083199999967,328.23491904134715,336.44079201738083,34.7999304,-5.7570624000000015,7.680583199999984,0
13.881083199999967,330.9251486867971,339.19827740396704,34.7999304,-5.757062400000001,7.730583199999981,0
13.981083199999967,333.615378332247,341.95576279055314,34.79993040000001,-5.757062400000001,7.780583199999984,0
14.081083199999966,336.305607977697,344.71324817713935,34.79993040000001,-5.757062400000001,7.830583199999984,0
14.181083199999966,338.99583762314694,347.47073356372556,34.79993040000001,-5.757062400000001,7.8805831999999825,0
14.281083199999966,341.68606726859684,350.2282189503117,34.7999304,-5.757062400000002,7.930583199999984,0
14.381083199999965,344.3762969140468,352.9857043368979,34.7999304,-5.757062400000002,7.980583199999982,0
14.481083199999965,347.0665265594967,355.7431897234841,34.79993040000001,-5.757062400000002,8.030583199999985,0
14.5121376,347.90196123451426,356.5995102653771,34.79993040000001,-5.7570624000000015,8.046110400000003,0
